1.2014,2.7064,0.29586,1.5131,2
1.2875,-0.089531,0.65275,0.064421,1
0.73627,3.2346,-1.0822,2.3845,2
2.7538,3.0662,0.18258,-0.92563,2
4.0018,4.1001,-0.16098,-0.33528,2
0.85801,0.0008052,-0.089181,-1.7554,1
-1.4691,-1.5182,1.9949,0.62941,1
0.68256,2.4067,1.4518,0.055766,1
-0.39231,2.8184,-0.36731,-0.8642,2
2.527,1.8886,-0.90469,1.7362,2
1.5775,3.0557,-0.98792,-0.55823,2
1.5752,1.6269,0.74766,1.2186,2
1.4935,-0.54125,0.79888,0.17435,1
1.9245,1.4068,1.4851,-0.53561,2
-0.0025835,0.31087,-0.3189,-0.096119,1
1.2461,2.3538,-0.29089,0.42622,2
0.58289,2.887,-0.22365,-0.66884,2
-0.085639,0.74151,0.2061,1.3233,1
1.3974,1.7074,1.7196,0.22298,2
-0.74091,-0.55199,-0.20501,-0.37653,1
1.3548,3.0932,-0.38392,1.0327,2
-1.4466,-1.1714,1.6388,0.83629,1
-1.1859,0.049309,1.4424,-0.11725,1
0.50062,-0.93517,0.35118,-0.18676,1
1.5265,1.0737,-0.42037,-0.61042,1
1.0319,3.1777,-0.68124,1.7906,2
-1.3582,1.3383,-0.027482,-0.30078,1
1.7454,1.258,-0.57072,0.079313,1
0.14758,1.695,-0.62187,1.398,2
0.47263,1.911,-0.90215,1.8774,2
0.19454,1.3345,-0.15601,-0.6369,1
1.9751,-1.0763,-1.6194,-0.16379,1
2.3083,1.2201,0.61916,-1.1544,2
2.0677,2.6526,1.2853,1.7369,2
1.0392,1.0082,0.028048,-0.13098,1
-0.070878,-0.44196,-0.044162,-1.767,1
-0.30689,2.0371,0.51583,0.42695,2
2.6262,2.7324,0.55584,1.9245,2
0.1191,0.41107,-2.2471,-3.3693,1
0.95983,1.6195,-1.5639,2.2114,2
-0.84741,-0.73158,1.2988,-0.27522,1
1.3424,2.0302,0.40058,2.4085,2
1.4379,2.609,0.47077,0.10711,2
0.86954,1.9584,0.25374,1.53,2
-0.75405,2.2063,-0.24118,0.41473,2
-0.30636,0.81135,2.1623,-0.22106,1
1.4218,3.496,-1.5231,1.0828,2
2.1883,2.878,1.7635,0.32535,2
0.13927,1.1249,-0.19802,-0.64865,1
1.5837,1.3902,-1.4039,1.2736,2
-0.016034,0.94816,-1.4292,1.2717,2
1.5004,-0.4227,0.070699,0.49732,1
-0.46229,0.30265,0.36038,-0.45651,1
1.2748,-1.092,0.36769,0.4792,1
-0.17703,0.6787,1.1167,1.4778,1
2.2421,2.2458,1.5585,1.5894,2
0.088728,0.99237,-1.2261,-0.08221,2
1.3696,1.6971,0.98351,-1.3787,2
0.70622,2.1687,0.57535,1.7642,2
0.084972,-1.9082,-0.71517,1.5698,1
1.8232,3.3031,-0.13802,0.86545,2
1.1977,2.6822,0.51985,0.073959,1
1.1813,0.66489,1.0781,0.99699,1
-0.5168,-0.071537,-0.22172,-0.25322,1
1.0607,1.7439,0.90514,-0.56,2
2.3054,1.5828,-0.5587,1.7696,2
-1.9135,-0.92075,-1.412,0.53611,1
1.1129,2.4467,1.3414,1.7198,2
0.76669,0.55233,0.60456,-0.085376,1
0.92823,0.12427,0.80132,0.00030587,1
1.6083,3.0407,-0.413,1.2233,2
0.26885,2.3288,-0.70379,2.9887,2
0.83191,2.7503,-1.2797,1.4197,2
1.3718,3.9837,0.27831,-0.34783,2
0.89686,1.7375,-0.25005,1.0202,2
0.83724,-0.53476,-0.5472,-0.41162,1
2.1841,3.7653,-1.6285,0.59355,2
2.2451,3.1555,-0.82204,2.1957,2
0.42271,0.57775,0.47517,0.29941,1
1.9579,1.6956,-0.02675,2.0613,2
-1.859,2.6126,-1.3809,-0.32305,1
1.5055,2.3147,-1.2676,-0.4833,2
2.1523,-0.78045,-1.2506,1.1507,1
2.6882,2.2923,-0.97289,1.3754,2
1.1119,1.0775,1.5975,0.12336,2
1.5125,2.6931,1.0662,0.98879,2
1.3439,2.7324,-0.7754,1.44,2
-1.3297,-1.4063,-0.062191,0.80588,1
-0.86767,3.3785,-0.98616,0.39363,2
0.69541,3.2037,2.2638,0.20724,2
-2.0627,0.31077,1.5344,0.40571,1
1.9373,4.7596,-2.0388,1.6966,2
0.1315,2.2919,1.5181,-0.385,1
1.475,3.0872,1.2306,0.24603,2
0.61771,-0.073999,0.45072,-0.10481,1
0.77194,1.8901,-1.4581,-0.79583,1
0.64485,-0.76881,-0.36679,0.80846,1
-0.23208,-0.66463,-1.7553,-0.10331,1
-0.40034,0.3749,0.037469,-0.17351,1
1.0185,3.4049,1.7816,2.2536,2
-0.21627,-0.37594,-1.2436,-1.3864,1
0.95066,2.1872,-0.25548,0.70937,2
0.50928,3.3256,0.70909,2.4859,2
0.48769,3.1107,-0.013536,2.0242,2
0.27199,0.79744,-1.8585,0.037327,1
1.9629,1.4476,0.061477,1.5722,1
1.0798,2.7308,-2.7571,1.0143,2
1.3624,1.5001,-1.1097,2.8051,2
1.7041,0.73616,1.2528,-0.045222,2
-1.1861,1.8912,-1.5542,1.6669,1
2.1034,2.9295,-0.60618,1.5027,2
-1.6994,1.6978,0.28217,1.8114,1
5.1211,3.105,0.37119,0.67862,2
-0.80589,-1.0018,0.042885,-0.16859,1
0.70176,-0.1716,1.8828,-0.41718,1
1.9318,0.64917,-0.36626,-0.82622,1
1.4308,2.6734,0.36833,2.1475,2
0.77528,-0.75444,-1.1063,0.76544,1
1.1038,2.0324,0.354,1.6624,2
0.1642,-1.3511,-0.041818,0.53917,1
-0.60049,0.48005,1.7319,-1.2102,1
-0.49487,0.34875,-0.28803,-0.95304,1
0.019252,0.18239,0.568,-1.0074,1
2.2937,1.3424,0.78301,0.73264,2
0.4319,2.8829,0.31556,0.058128,2
-1.8947,0.69582,-0.016508,3.0129,1
0.41991,2.0118,0.49205,0.52429,2
-0.85462,-0.78456,0.29599,-1.2635,1
3.1591,2.2404,-1.3801,-0.70751,2
1.5475,2.2735,-0.92982,1.611,2
1.8251,2.7335,0.98444,1.189,2
-0.10877,-1.564,-0.79653,0.13383,1
-1.9647,1.5257,0.75118,0.041199,1
1.2757,-0.2132,0.19789,-0.42195,1
1.2319,1.6633,-0.94467,1.247,2
-0.36301,3.1565,1.6872,1.0033,2
-0.36145,0.13548,-0.3548,0.28203,1
-1.322,0.31348,0.76183,1.5862,1
3.29,3.1638,1.0635,0.17647,2
0.70799,-0.88226,2.2936,0.28526,1
1.3951,2.8606,-0.21579,2.2095,2
-0.59764,1.259,0.19546,-1.1422,1
-0.63494,-1.1473,0.24046,1.4907,1
0.015202,0.16612,1.0593,0.78572,1
1.8713,3.6897,1.1074,0.38975,2
1.3273,3.3444,-0.28468,1.9198,2
-0.81379,2.2121,-0.080963,-0.42714,1
-0.18576,3.9543,0.49897,1.6704,2
-0.23088,0.36274,-0.19664,-0.4411,1
-0.77948,-0.99394,-1.547,0.10352,1
0.88702,1.7406,2.7346,2.4797,2
0.23346,0.47215,0.017937,-0.77696,1
-0.87724,0.015949,0.96628,-0.63229,1
-0.17647,1.6573,-0.95877,0.51408,1
-0.11948,-1.2219,0.84838,-0.7648,1
1.2183,-0.74178,0.36214,0.33625,1
-0.43704,-0.74011,-1.6412,1.9828,1
0.19425,-0.013745,-0.87648,-0.083182,1
1.3671,2.2482,-1.3734,-0.27224,2
2.8747,2.4264,-0.40208,0.72164,2
0.99446,1.6407,-1.8742,0.039189,1
0.54667,0.47031,-0.60873,-0.12781,1
1.5684,3.2418,-1.9592,1.7216,2
-0.77685,-0.78048,0.07956,-0.12664,1
1.0859,1.7595,-0.4421,0.48883,2
-0.34781,-0.8887,-0.34262,1.9565,1
2.0998,3.9268,-0.60043,1.4651,2
2.2856,0.66039,-1.1759,0.027189,2
0.71394,1.9926,1.0882,-0.64232,2
0.092128,0.14272,-0.79126,-0.70071,1
0.48703,-1.2087,-0.57154,-0.50534,1
0.97502,2.6035,0.3614,-1.502,2
0.55166,0.41901,-0.62211,0.19953,1
-0.61032,-1.3292,1.7778,0.17129,1
1.15,2.6956,-0.96775,1.7114,2
0.46073,0.2661,-0.33936,0.071011,1
1.7666,1.4227,2.194,0.99409,2
2.706,3.458,1.4167,3.1799,2
2.6817,2.9841,-2.8888,0.93718,2
1.8226,-1.3336,0.76274,-0.48695,1
-0.1852,-0.52284,0.38177,0.48143,1
-0.63377,1.523,0.86985,0.038505,1
2.2697,2.6281,-0.4046,-0.18338,2
1.068,1.059,-0.58642,3.3232,2
1.5195,1.9553,-0.56341,-0.74852,2
2.0061,3.513,-0.19219,2.0313,2
1.8433,3.14,-0.49725,0.63084,2
-1.4383,0.70077,-0.034295,-0.015251,1
2.5402,1.9662,-0.50138,0.75715,2
0.3463,0.37422,0.72576,0.39521,1
1.4429,0.3619,-0.53844,0.039323,1
-1.9998,1.1287,-2.7177,1.2222,1
1.3799,-0.26151,0.39516,-2.4025,1
1.9962,1.8772,-0.76904,0.0033311,2
-1.1676,-0.2488,-0.32201,-0.61745,1
0.30775,1.0718,-0.8263,2.1802,2
2.3585,3.5463,1.3632,1.8487,2
0.26762,-1.5184,-0.15884,-1.2581,1
-0.90653,-1.1233,0.65712,-0.12784,1
-0.50425,0.97725,-0.47171,1.9291,1
0.11625,4.4892,0.36454,0.74078,2
0.63561,2.5318,0.026786,2.4811,2
-1.3556,-1.2402,-0.77954,1.2523,1
-0.90135,-0.8939,2.295,0.42898,1
-0.39342,1.3785,1.6009,-0.85145,1
0.90212,3.3881,-0.39341,2.8034,2
0.48468,2.9269,-1.3157,1.5773,2
1.6694,2.2299,1.0477,2.2342,2
0.16646,0.68489,0.45839,1.3829,2
1.8843,1.5764,-0.58392,0.15898,2
2.121,3.0852,0.25429,0.47652,2
0.18607,-3.1313,-0.66507,1.6009,1
1.9014,1.4315,-0.28269,0.78893,2
2.4989,2.843,0.045625,-0.39364,2
0.40592,0.7612,-0.20395,-0.015259,2
0.012487,-2.1828,2.5226,0.57737,1
0.54125,-0.97371,1.7943,-1.0103,1
-1.0308,0.43396,0.24981,-1.7188,1
-0.20803,1.2686,-1.4187,-0.40942,1
-1.2386,1.2812,0.92557,0.52934,1
2.6426,4.0773,0.38895,-0.062475,2
1.0035,0.91684,0.019324,0.021177,1
-1.1684,1.2537,0.22181,3.8391,2
-1.721,1.1122,1.6302,0.50173,1
2.5432,3.7936,0.60693,1.3824,2
0.78437,3.617,-1.9385,0.066836,2
-0.25119,1.8293,-0.22296,0.70818,2
-2.0795,1.346,-1.8652,0.6957,1
0.53907,0.51234,-0.58924,0.52563,1
1.934,2.8721,-0.18518,1.1756,2
1.5507,2.985,-0.071302,2.1304,2
-0.73248,0.95577,-0.7127,2.7299,1
0.11512,-2.441,-0.48732,0.24428,1
0.94225,2.0273,-0.67984,-0.33817,2
1.6328,0.41688,2.805,1.593,2
-0.1352,0.14597,2.1158,0.10837,1
1.4548,1.5322,-2.024,0.81537,2
0.034177,2.0636,0.45153,-0.86723,2
0.75072,-1.1961,0.048433,-1.3504,1
0.29271,-0.35098,-0.71716,0.053476,1
1.8775,3.0011,0.018269,2.4906,2
0.96204,3.0869,0.22687,0.76683,2
0.40323,0.82712,-2.143,0.55481,1
1.6378,2.054,-0.45409,-1.0106,2
-0.2661,0.81048,-1.8972,-0.2771,1
0.95233,2.1991,-2.4181,-0.035279,2
0.59008,1.5757,-0.078222,0.70439,2
0.93357,1.6452,1.2165,0.79434,2
2.1671,1.8376,0.4596,-1.6446,2
0.67349,0.23845,0.080819,-0.94363,1
1.1534,4.0012,0.10474,1.9527,2
-0.86352,1.7748,-0.18884,1.3217,2
1.0367,-0.24412,0.68605,-0.40608,1
0.1154,0.72238,1.0667,0.31284,1
2.137,2.68,-1.4028,-0.76745,2
2.0842,2.6447,0.97858,1.0408,2
0.16003,4.1079,-0.3273,2.3297,2
0.86483,2.2352,1.0512,1.373,2
4.0522,2.9704,-0.45667,0.91548,2
-0.62617,1.0515,-0.35009,0.31617,1
0.80485,3.6964,-0.68119,0.60829,2
-1.1578,0.89116,1.3801,0.64343,1
0.99147,2.1055,-0.28327,0.051505,2
-1.1862,0.1323,0.17412,-1.0951,1
2.3281,3.9631,1.2506,-0.17978,2
0.83747,1.8847,-1.252,1.3075,2
0.55414,-0.31237,-0.30448,0.21761,1
-0.62708,0.18103,1.0122,0.98498,1
-1.4765,0.034449,2.042,1.1062,1
0.10797,-0.84635,-0.71597,0.44174,1
1.462,3.7626,-0.6217,1.7737,2
1.71,2.5115,-1.4853,1.0456,2
1.162,3.037,1.0512,0.50433,2
0.4103,4.7168,0.16927,2.4455,2
0.46131,0.10562,1.5476,-2.2326,1
0.71273,0.1333,1.4067,0.0041651,1
-0.37231,0.93636,0.14299,-1.9395,1
0.042059,4.2279,-0.51801,0.88175,2
-0.74035,0.07521,0.278,-0.67993,1
0.84025,2.6323,0.3341,-0.16212,2
-1.2599,-1.5203,-1.0338,0.53981,1
-0.36571,1.3748,0.053922,-1.1331,1
2.0497,4.3802,-0.63233,1.3306,2
1.7831,1.8704,0.47261,-1.0808,2
1.0745,-0.35071,0.91645,0.72032,1
2.3078,1.7668,-1.4252,3.1952,2
2.8739,2.4251,-1.0794,1.518,2
0.46388,1.1255,0.31159,1.2835,1
2.1839,2.5451,0.53246,-0.98168,2
1.6511,-0.45396,-0.199,-0.035227,1
0.58605,4.2626,0.75873,1.3955,2
2.1008,1.735,-0.14445,0.59133,2
-2.2086,-0.7445,-0.90528,-0.84854,1
1.099,3.178,0.9637,0.18763,2
1.7726,0.75455,0.7719,2.7127,2
1.6138,2.0953,1.8429,2.6861,2
1.2627,-0.5999,0.059908,-1.0144,1
1.2727,-0.12002,-1.4091,0.53087,1
0.79928,-0.19826,-1.5382,0.21955,1
1.9928,2.0302,-0.92768,2.3362,2
1.8247,2.2434,-2.208,3.2988,2
0.70539,2.4925,0.35887,0.89701,2
1.4479,3.8987,0.072491,0.21046,2
-0.069349,0.57672,0.71902,1.4966,1
0.49741,1.5938,-1.7615,2.004,2
-0.8361,-1.4315,0.075348,0.92119,1
1.4145,-0.42488,-0.31072,-1.2104,1
3.3599,4.1638,1.2453,1.2352,2
-0.19344,-0.62744,0.87508,0.45841,1
0.78913,-0.47105,1.1404,1.3196,1
2.6414,2.0865,0.18527,2.4562,2
1.1737,-0.14972,-0.73928,0.64147,1
-1.1398,-1.7248,1.8985,-0.67452,1
-0.86601,-0.44183,-0.093698,-0.17644,1
0.15037,-1.4001,-0.92362,0.12181,1
1.0581,-0.92322,0.14623,0.37633,1
-0.33564,-1.9554,0.22327,-0.19081,1
2.4767,2.3986,0.0055482,0.45782,2
0.12679,0.049624,-0.13378,-0.82271,1
-1.0831,-0.098677,0.31969,-0.47394,1
-0.070295,2.3784,0.072797,3.5892,2
0.035722,-1.3788,0.18122,0.93536,1
1.839,1.3793,0.60695,-0.71778,1
-0.21691,2.9564,0.11587,0.61935,2
2.3874,3.1519,-0.58821,1.7182,2
0.40002,-0.87743,-0.29569,-0.26709,1
-0.9758,-0.95359,0.6007,1.0544,1
1.1378,0.98622,-1.5082,1.9726,2
1.3917,3.989,-0.71334,1.9746,2
1.8624,0.84185,4.5662,0.11953,1
0.51206,-0.74333,0.79342,-0.37841,1
-0.91611,0.58562,0.23129,0.35273,1
2.2502,0.60369,-0.19378,2.1167,2
0.29282,-1.2958,-2.3637,-0.023898,1
1.035,3.7186,1.4537,0.90783,2
2.1696,0.58089,-0.36164,-0.57681,1
0.34387,1.3471,0.92499,-0.26489,2
1.0543,-0.074911,-1.6434,-0.22003,1
0.07484,2.5845,1.4544,3.6383,2
1.3422,0.90947,-0.22438,0.56805,1
0.5617,2.1712,0.67818,0.56109,2
0.41297,-1.4064,-0.19675,-0.22293,1
-0.25208,3.8891,1.8462,-0.084151,2
0.40995,2.9387,1.3968,1.5727,2
2.2855,2.2464,1.6834,-0.4393,2
0.63099,1.9534,1.3409,1.0561,2
0.99759,2.9551,-0.73866,0.76192,2
0.13593,0.048427,-0.4745,-0.5298,1
1.4397,2.5426,-0.089586,0.22455,2
0.79196,-0.71004,0.16377,-0.11961,1
2.0011,2.3471,0.86237,1.9761,2
-1.9155,-0.53162,1.0767,0.58948,1
-0.62794,-0.49503,-0.95433,0.65693,1
-0.23318,-1.352,0.22148,-0.2105,1
-0.33472,1.4337,-0.9925,0.57718,2
0.41972,0.83982,-0.75302,-0.33282,1
-0.086556,-0.098639,-0.5792,0.51301,1
2.2836,1.2785,-1.0199,1.4367,2
0.29977,-0.4838,1.137,0.19024,1
2.2232,1.5969,-1.3313,0.11809,2
1.3547,3.7818,0.379,0.13666,2
1.42,0.82711,1.1254,2.1654,2
-1.0136,1.1269,-2.194,-1.319,1
0.27438,0.31932,-0.18029,1.4515,2
-0.81902,0.78936,-1.312,-0.16178,1
-0.75756,-1.9588,0.57854,0.13821,1
-0.97603,-1.1649,0.39022,-0.95861,1
0.57057,-0.51544,-0.17812,-1.4631,1
2.5639,1.0909,-1.3389,-0.15909,2
-0.11748,1.7784,-0.16172,1.319,2
1.8796,0.050076,-0.55224,-0.069775,1
-0.22614,-0.58497,0.29927,-0.77198,1
3.1714,0.3922,1.488,1.549,2
-0.91501,2.8117,1.6246,0.89222,2
1.4664,-2.0602,0.021291,-2.1702,1
-0.75732,0.45692,-0.20421,1.7007,1
2.1218,2.0654,-0.87235,-0.14901,2
1.0655,2.4172,0.80102,-0.091306,2
0.57972,0.50892,0.66458,1.8727,1
-1.0202,-1.2807,0.01664,-0.61788,1
3.1732,1.9948,-0.59318,3.1459,2
1.4369,2.0797,-0.62119,1.5043,2
0.97431,0.52963,-0.49324,1.0369,2
-0.43208,-0.5953,-0.59146,0.13921,1
0.5667,1.1639,-0.29083,0.90155,2
1.013,-1.1546,1.5647,0.36773,1
1.0712,1.8563,0.12246,-1.8047,1
-0.38503,-0.024903,-0.20542,-0.67573,1
0.74798,2.677,1.6759,1.9254,2
-0.15337,0.64933,0.16136,0.80123,2
0.71276,2.3674,-0.047868,0.34532,2
0.079611,0.3781,-0.98676,-0.7492,1
-0.40461,-0.98904,-1.8584,1.7802,1
0.18377,-0.8304,-1.4201,0.42658,1
2.8785,0.83788,0.723,1.6858,2
-0.33139,-0.58008,-0.25141,-0.3205,1
0.63431,2.4887,-0.78227,0.42692,2
-0.9815,0.43548,0.4202,1.9259,1
1.3102,0.19847,0.62219,1.9472,2
2.219,1.903,-1.2283,1.8013,2
1.3057,2.2012,1.0324,1.9365,2
-0.3688,-0.35578,0.1316,0.92495,1
0.21698,3.5926,0.17008,0.84604,2
-1.7012,0.91412,0.97068,0.23256,1
2.0528,1.7785,-0.83102,2.4997,2
1.3447,3.2152,-1.7915,0.80426,2
-1.3975,-0.76917,-0.33351,0.73268,1
-0.40655,1.1879,0.81019,-1.3021,1
0.11221,-0.75757,0.67232,-0.60878,1
2.0647,0.678,0.52621,0.9757,2
0.61623,2.3228,-0.40398,-2.5543,1
-1.7299,-0.54005,-1.2391,-0.14196,1
0.60835,1.4086,0.95142,3.6804,2
1.1166,-0.67534,-2.9074,-0.87191,1
2.4314,3.603,0.31133,0.73451,2
1.1207,1,0.1239,0.84779,1
0.10687,1.2144,-1.5026,-0.72862,1
1.9683,3.1161,1.0047,1.5547,2
-1.0598,2.436,-0.58339,0.2807,2
1.7509,3.4924,0.17338,0.31083,2
-1.5811,-0.91716,-0.84298,-0.077913,1
-1.1097,-0.26738,-0.51634,1.5553,1
-0.0089409,2.5771,0.37412,1.7972,2
-1.0372,0.14472,-0.5701,2.5794,1
1.9856,0.45,-0.80031,2.3673,2
0.41741,1.2048,1.2848,1.1319,2
1.9958,0.9988,-0.069158,-0.16665,2
-0.63924,1.3602,0.51481,1.0464,1
-0.52534,2.8472,2.162,1.2505,1
1.5884,2.7983,-0.064739,0.36098,2
-0.70946,0.77825,3.4144,0.85936,2
-0.89216,-1.2271,1.9288,1.5416,1
0.45684,1.6596,0.18557,-0.092122,1
0.56411,0.4232,1.0671,0.17189,1
0.74013,0.67774,1.2682,1.8643,1
-0.24912,2.5061,0.24404,2.0881,2
-0.91204,1.1386,0.6455,0.47833,1
-0.11719,-0.8185,-0.18011,0.049996,1
1.4203,3.9331,0.098437,0.70224,2
-1.3481,-1.4662,-0.21145,0.60708,1
-0.74439,1.1772,0.21749,-0.40406,1
-0.67429,0.13435,0.82323,1.8107,1
2.8185,4.2058,-0.83264,0.11725,2
-0.54937,2.1824,1.0559,0.54523,2
0.66445,-0.50686,-1.3183,-0.49463,1
2.3224,2.306,-0.77695,0.48839,2
-1.4681,-1.2135,0.57763,1.3513,1
0.27503,0.58253,0.65045,0.28148,1
-0.46069,-0.57265,1.6211,0.6068,1
-0.008818,3.228,0.6037,1.3845,2
1.3276,4.8129,0.073214,2.8691,2
0.99811,3.596,0.68876,-0.56503,2
2.3522,1.7049,0.99444,1.9577,2
1.8399,1.6273,-0.0078989,0.11505,2
-0.35409,-0.065824,2.0473,-0.053405,1
0.24888,0.78426,0.71012,3.8438,2
-1.1413,1.6893,-1.0832,1.395,1
-0.043268,4.0975,0.39237,-0.30351,2
2.2736,0.29418,-1.2156,1.7165,1
-1.0654,0.88498,-1.7406,-0.76853,2
-0.1004,0.3819,-0.0296,-1.5403,1
-0.60236,1.3229,0.19784,0.15652,1
1.2407,-0.83605,-0.30171,-2.0167,1
0.026383,2.4784,1.4917,1.2541,2
1.4171,1.8261,-1.0135,-0.13,2
0.80285,1.0914,0.18272,-0.26786,2
2.7864,-0.65127,-0.52916,0.17545,1
1.0232,3.1573,2.1598,-0.1957,2
0.6101,1.4506,-0.2701,0.61248,2
-2.1991,1.1057,-0.83553,-0.56971,1
0.98643,2.0251,-0.95511,0.41053,2
1.4222,2.3751,-1.2503,0.35453,2
-0.81718,1.2135,0.26763,1.6399,1
0.42581,1.4497,0.50405,1.694,2
-0.13698,1.3525,-1.2263,-0.30284,1
0.38049,2.6244,-1.6278,0.34217,2
1.2604,0.16131,0.74516,-0.85834,1
0.77353,2.2563,-0.28396,0.86445,2
2.2291,1.5689,0.8657,0.59909,2
2.6233,2.4694,-0.27911,0.25792,2
-1.2696,1.9461,-0.27384,0.80413,2
0.73318,2.0245,-0.73982,-0.41405,1
-0.93638,0.80295,2.0514,0.53523,1
0.46493,2.669,-2.6419,1.9351,2
1.5162,2.0003,-0.82511,-1.057,2
0.37909,-1.1994,-1.5909,-0.5789,1
1.505,1.5572,0.64349,0.39714,2
0.43444,2.1123,-1.4386,0.41605,2
-0.38774,-2.1706,0.12574,0.45125,1
1.0249,3.8181,-0.78586,2.8271,2
3.091,2.5543,-0.75227,0.86323,2
1.0919,-0.21853,-0.52401,0.032023,1
2.6961,2.898,-1.4596,0.66549,2
-0.38106,-0.57273,1.2612,0.84059,1
2.71,2.8937,-0.68823,0.85316,2
2.4623,3.0492,0.63772,0.83479,2
-0.67262,4.3223,1.1294,0.75088,2
2.334,3.5176,0.47252,0.62161,2
0.31556,2.7654,-0.10521,0.46697,2
-0.65293,-0.3913,-1.5248,0.81448,1
-0.37035,2.6825,1.2626,2.3537,2
0.24506,0.47893,-0.03929,-0.107,1
0.93074,-0.83174,0.73043,0.64889,1
-2.1732,0.65379,0.023372,1.9749,1
-0.78829,3.1233,-0.71659,1.8299,2
0.58635,0.073023,0.4227,1.3293,1
2.1723,5.4453,0.20291,-0.92218,2
1.3842,0.86354,-0.22647,1.2554,2
0.19428,1.8277,0.30395,0.20335,1
1.2761,4.6482,-0.48567,0.86914,2
-0.19858,1.4773,1.5749,1.1493,2
-1.545,0.11091,-0.097472,0.54406,1
-0.062883,2.6081,0.8529,3.1206,2
-0.80479,0.91985,-0.79977,1.1953,2
0.8947,3.2963,0.91485,1.841,2
1.5936,2.6948,-0.082921,-1.4051,2
1.5584,3.9001,0.71857,1.6832,2
1.2456,1.015,0.65424,-0.39827,2
0.24365,-1.8939,1.0401,-1.1166,1
2.7403,2.9,-0.75863,1.1197,2
0.56509,0.38534,0.11777,-0.33695,1
-0.86944,-0.096551,-0.17236,0.25467,1
-0.4139,-0.12414,2.0772,-0.053148,1
-3.1298,-1.4843,0.77202,0.36471,1
1.9516,1.8433,0.34017,1.7169,2
2.9871,1.4649,1.0485,0.7882,2
-0.17173,-0.50921,1.166,-0.96167,1
0.70435,1.9845,0.73362,0.44423,2
0.8595,-1.9147,0.67944,-2.645e-05,1
2.4124,2.669,0.52187,2.0284,2
1.2085,2.7273,1.0919,2.228,2
1.0126,2.4779,-1.8988,-0.054787,2
0.36294,3.6636,-0.84466,1.2634,2
0.98254,2.9608,0.21827,1.5123,2
-0.27037,1.8606,-0.34418,1.4408,2
-0.56088,-0.20952,0.90159,-0.0065071,1
2.0598,2.0555,0.054652,2.995,2
0.84509,1.61,1.543,0.93837,2
1.7643,1.9636,-0.66757,1.9719,2
1.5613,2.7947,1.0009,2.3621,2
0.5523,0.62291,-0.25026,-0.20415,1
3.0639,1.1853,1.6795,1.5591,1
0.76214,1.1443,-1.5367,1.2276,2
0.94579,-1.6938,1.6252,0.2644,1
-1.2824,1.959,-0.21933,-0.11181,1
-0.11963,0.064945,0.52347,-0.38137,1
1.3245,2.496,2.2437,2.3436,2
1.6097,1.3789,-0.44558,0.87982,2
2.8348,2.4684,0.29787,1.2834,2
-0.8723,1.6743,1.5467,0.98213,1
-0.048688,0.90764,0.71257,1.4239,1
1.7365,2.4003,1.1632,0.54523,2
0.20643,2.5608,0.56526,-0.29134,2
-0.39684,-1.615,0.28077,-1.5484,1
-0.036914,0.81946,0.31405,1.69,2
2.3602,0.78661,-0.072673,0.3298,2
-0.7186,-0.38525,0.51998,1.3535,1
2.5999,1.6074,1.7728,1.3648,2
1.6979,2.5076,0.70583,2.6225,2
1.2089,2.3788,-0.088504,0.5176,2
0.91913,1.1226,2.1334,-0.59129,1
-0.039625,1.4682,-0.47674,1.1034,1
2.1219,1.7736,-0.66897,0.89457,2
1.2193,2.1579,-0.8339,0.21774,2
0.21569,-0.98959,-0.25606,1.5564,1
-1.9181,-1.0101,1.1218,-2.355,1
0.59743,2.6046,-1.3933,-0.28253,2
3.082,2.6381,0.60452,2.0177,2
-0.129,0.29582,0.41878,0.1204,1
1.9538,1.6089,-1.2595,1.8188,2
-0.93381,-0.8286,0.079474,-0.87004,1
2.6527,3.312,0.62447,1.5066,2
1.042,3.7396,0.56679,1.9018,2
-0.83752,2.3901,0.089628,2.0504,2
-0.11061,0.15465,-0.095433,-1.4218,1
0.63799,4.1489,0.63324,0.093456,2
0.67404,4.5361,-1.3577,0.66418,2
-0.63676,0.22862,0.14298,-1.9537,1
1.2147,0.67632,1.3337,0.82581,1
3.7199,2.5481,-1.954,0.85764,2
-0.97736,-0.93759,-0.98989,0.16115,1
-0.60707,0.31442,-0.48803,-0.32055,1
-0.33687,1.1728,0.66671,-0.47425,1
0.81939,0.37789,0.95622,-1.833,1
0.78842,1.9238,-0.65237,1.9769,2
3.5306,1.7881,-0.63811,0.70427,2
2.1579,1.8768,-1.8882,0.054516,2
1.5169,1.6741,0.446,1.5783,2
0.22819,-1.1491,0.59061,1.2236,1
2.4051,2.5447,1.5,-0.10758,2
-1.0418,1.2686,-0.66808,-0.33469,1
1.9341,3.3297,-0.87618,1.7751,2
0.28099,3.1109,-0.30323,0.083927,2
1.8893,1.3144,-2.3982,1.8786,2
-1.3431,1.3175,1.3308,-0.026553,1
-0.025279,-0.27826,1.4047,-0.22807,1
-0.11109,2.2551,1.045,1.2561,2
0.83418,0.23929,0.29182,-0.64909,1
0.3267,-0.52202,-0.52228,-0.51478,1
2.0294,2.0024,-0.024984,1.3829,2
0.31256,-1.5036,1.2562,-1.02,1
3.5081,2.062,-0.6949,2.4551,2
3.0002,3.6146,1.2928,1.0947,2
0.66096,0.91303,-0.60286,0.6746,1
2.283,1.2636,-1.1282,1.9559,2
-0.46645,0.18076,1.4602,-0.04339,1
-0.88828,1.4992,1.0745,2.8195,1
1.4616,1.3925,1.1946,0.48964,2
0.13013,0.98802,0.01346,0.12677,1
1.2134,3.3283,1.2625,2.2906,2
2.6349,2.2348,-0.44857,-0.79674,2
2.0566,1.0268,-1.5827,0.74337,2
0.61749,0.67087,0.52189,-0.12042,1
1.6167,3.2571,-0.069857,1.0372,2
1.4837,3.3079,1.3121,0.16768,2
1.1452,0.94596,0.81972,-0.014431,1
-0.15085,-0.094957,0.21984,1.9473,1
1.2651,3.3432,0.042216,1.2248,2
1.9904,2.5948,-1.0897,0.84175,2
1.0258,1.543,-0.14941,2.275,2
1.1748,1.8663,-0.48696,0.26273,2
-0.082055,2.1287,0.51068,0.55315,2
2.4326,2.6678,-1.0284,0.84021,2
2.0449,1.6981,-1.0629,2.8181,2
-1.0816,-0.96279,-2.0189,1.1557,1
1.877,2.202,-0.65077,1.6569,2
-0.83225,-0.77515,-1.6987,1.0415,1
0.26802,-0.035618,0.73734,0.023334,1
0.41451,2.9284,-1.3849,0.96798,2
0.53584,1.3525,0.72461,-2.3608,1
0.9201,2.1219,-0.33325,0.83279,2
0.83866,1.5653,2.0757,1.2793,2
0.27802,0.30325,-0.68655,-0.015056,2
0.1139,-2.6426,-0.98282,0.96741,1
-1.3913,-0.29516,-1.1391,-0.37871,1
1.6615,-0.57717,-0.35436,1.0104,1
1.5918,2.9323,0.36557,-0.53349,2
1.945,0.75054,0.12308,1.9618,1
2.8177,1.7352,0.56286,0.26244,2
-0.5308,-0.91122,0.41658,0.20454,1
3.0742,3.5978,0.37958,3.0357,2
0.92667,2.8328,0.43984,1.5357,2
0.086249,0.64131,-0.027842,-0.34686,1
-1.0474,-0.49026,0.17149,0.44717,1
-0.87009,-0.34556,0.29053,-1.6616,1
-0.43309,1.8544,-0.31588,-0.29769,2
-2.3536,0.054243,1.3912,0.65319,1
1.0506,2.562,-0.76353,0.96156,2
1.4324,3.2497,-1.4615,-0.85032,2
0.55475,2.5915,-0.44578,1.141,2
1.0664,2.8558,0.84444,1.1124,2
1.2418,0.92086,-0.6486,-0.85078,1
-1.6399,-1.2079,0.44025,-0.1798,1
2.8727,2.9796,0.86987,0.6424,2
1.0135,2.2642,-0.022116,1.8712,2
-0.30809,0.01961,-0.23624,-0.35215,1
1.4616,1.2725,-1.5503,0.15357,1
1.3192,4.2361,2.0331,1.6334,2
1.3212,2.6074,-0.99264,0.73387,2
-2.4356,-0.34981,-2.0054,1.7676,1
0.8664,2.4504,1.256,1.4903,2
3.3561,3.8657,-1.2971,-0.28486,2
0.18212,2.3859,-0.16787,1.1936,2
0.87577,2.8315,-0.73891,-1.212,2
3.6975,2.4929,-0.25635,2.4802,2
2.1997,0.81329,0.91258,0.47167,1
1.2349,2.7536,-1.25,1.6216,2
-0.56552,0.15232,-0.46208,0.67885,1
-1.0239,0.55971,-0.45815,-1.4217,1
-0.94947,-0.35084,-0.3071,-0.68897,1
2.4649,-0.81546,2.3088,-0.71847,1
1.0599,2.2238,0.35719,0.07761,2
-0.50631,-0.673,-1.3195,-0.55531,1
-0.81205,-0.63347,-0.33072,0.99952,1
2.0518,3.6521,0.095469,1.2104,2
-0.609,-0.1554,0.2818,0.43455,1
0.1547,2.3583,0.30308,0.6281,1
0.39261,-0.43011,2.3765,-1.9539,1
-0.22083,2.3053,-0.39636,0.6936,1
1.0507,2.8511,0.49736,1.2103,2
1.9658,1.093,1.0146,2.1994,2
0.58349,-1.7735,1.5863,0.018697,1
1.8272,3.2166,0.41702,1.4208,2
-0.17898,0.87187,1.6162,1.4094,1
2.4251,1.6629,-0.18774,2.0257,2
1.2706,-0.24894,-0.28584,0.062586,1
2.0238,1.3709,0.39093,0.80905,2
1.3238,1.2319,0.56856,0.70018,1
-0.5045,1.8979,-0.044685,0.39444,1
0.60592,3.2947,-0.85507,-0.070982,2
-0.061137,0.16882,-0.053267,-0.69455,1
-0.58552,2.0904,0.72057,-1.3391,1
-0.48707,2.5789,0.48644,2.103,2
0.89928,0.12908,-0.65507,-0.60774,1
3.8348,3.3842,1.1883,0.76056,2
-0.21992,0.63592,-0.13365,-0.27704,1
-0.17412,0.40133,1.8917,-1.0255,1
2.6042,3.0886,0.58335,1.9355,2
0.32906,1.2336,-0.55551,-0.22884,1
4.7034,1.0913,0.89254,-0.7568,2
-0.11456,2.146,-0.67038,0.96402,2
-2.1226,0.13718,0.15568,0.50986,1
-0.05969,0.49376,0.53801,-0.15057,1
-0.053767,1.2177,2.1174,0.36402,1
-0.38715,1.4294,-1.3348,-0.18538,1
-0.19825,0.12797,-2.5992,-0.7974,1
3.7206,1.8527,0.6337,1.9534,2
0.91233,2.4605,-0.35075,0.98843,2
1.038,1.4692,1.0318,-0.33757,1
-1.0386,1.126,0.9481,-0.18209,1
0.70094,-1.0453,0.23479,0.39381,1
2.4499,0.96189,0.46105,2.1065,2
2.1583,1.8744,0.34689,0.37668,2
0.68981,-0.92249,0.49321,-0.53251,1
-1.9783,0.0983,-1.0439,1.1997,1
-0.47836,0.87387,0.60362,-0.70247,1
-0.9528,2.0702,0.75962,0.63741,1
-1.3332,-0.87436,1.2264,0.77053,1
-1.3112,1.5305,-0.43845,-1.5263,1
0.31978,0.40741,-0.99968,0.16535,1
-1.4037,2.3949,-0.9416,0.5136,1
0.49089,-0.72659,0.88726,-0.29271,1
0.27372,1.8548,1.8921,0.82171,2
-1.8102,1.127,1.9323,0.10361,1
0.93322,-0.46686,0.17152,1.849,1
-0.70452,-1.5658,0.44416,-1.4169,1
-1.6867,0.069876,1.0286,0.37848,1
-0.48329,0.20713,1.1844,-1.7035,1
0.55906,2.9751,0.3663,-0.87998,2
0.2809,-1.0692,-0.21025,0.22504,1
0.85056,1.3127,0.24654,1.5016,1
1.5523,1.8588,0.40369,2.1716,2
-0.12423,0.32499,-0.28319,0.04596,1
0.77164,4.049,-0.097228,2.6149,2
1.3823,-1.4778,0.34489,-0.12211,1
0.85245,-1.1389,0.51533,-0.39744,1
1.2596,-1.3151,-0.5156,0.47559,1
2.5119,2.3671,-0.6759,0.13561,2
1.4662,2.0785,2.3403,1.2531,2
2.8991,2.2253,0.13443,1.2978,2
-0.15729,0.6335,1.2187,0.80854,1
2.033,-0.78596,0.98087,-1.0719,1
-0.66004,-0.23784,1.7265,0.51711,1
1.8144,2.4843,1.644,1.9827,2
0.93422,0.99717,0.2575,-0.4764,1
-0.9673,0.3588,-0.038415,1.5174,1
0.46766,1.9295,-1.0472,1.5441,2
1.0449,-1.2287,0.0057233,-1.2705,1
1.7321,-0.5191,0.14639,-0.74232,1
0.99166,1.9505,-0.28419,0.24997,2
2.5761,2.9273,0.3488,0.59905,2
0.58711,2.9835,-1.0801,1.1112,2
0.21447,1.2285,-1.2053,1.2905,1
0.73705,3.9434,-1.1911,2.165,2
0.29329,2.6805,-1.0096,0.91338,2
-0.87589,3.2177,1.5727,-0.56567,2
-0.10069,2.0791,-2.0655,0.80004,2
0.80531,-0.6674,-0.10115,-0.060655,1
1.8949,3.7406,1.1815,2.5102,2
2.1193,3.1166,-1.0645,1.5711,2
1.7727,1.9836,-0.3568,0.76811,2
-1.0163,-0.50431,-0.04922,-2.3903,1
-0.86986,-0.10674,0.83596,0.8726,1
-0.2027,2.4092,1.0504,-0.95578,1
1.0334,-0.93884,0.63976,-1.58,1
2.1085,2.9248,0.22542,2.3542,2
0.86751,1.8274,-1.6086,1.4075,2
1.3178,4.0659,-0.43433,0.7967,2
0.40194,4.5323,0.87059,0.47305,2
2.6311,1.4057,0.86602,1.117,2
1.5571,2.2171,0.72208,0.49554,2
1.939,3.8269,-0.45576,1.4171,2
2.4274,1.3547,1.6832,0.9581,2
2.1372,1.3053,-0.31878,1.4033,2
-1.526,0.54909,0.43475,-1.6149,1
0.33962,-1.4703,-0.6194,-0.0029313,1
0.39185,-0.28818,-0.43836,1.6925,1
3.0501,2.1272,-0.93339,0.17381,2
-0.69933,-1.5667,0.067443,-1.004,1
0.79509,-0.7031,2.1074,-0.68185,1
-0.40402,-2.0906,2.1885,-1.0368,1
2.3486,4.0017,-1.1752,2.3081,2
0.30391,1.0442,-1.0418,0.90589,1
0.61883,2.4525,1.4218,2.1673,2
0.86363,1.1957,-0.92137,0.13729,2
1.7118,2.7338,-0.90977,1.8181,2
0.97905,4.3884,1.563,2.1346,2
1.0411,2.2332,-0.74518,1.7265,2
3.1365,1.6782,0.10567,2.2076,2
0.3864,1.3562,-1.0976,1.9509,1
0.64229,0.64959,0.46494,-1.1892,1
1.5845,2.9706,-0.59673,1.5168,2
0.71679,-0.017848,-0.88229,0.32634,1
2.0669,2.7792,2.2308,2.0985,2
1.2298,3.1941,0.61205,1.3549,2
1.7291,-0.29042,1.8347,1.7231,1
-0.99442,3.0238,0.76417,-0.56741,1
-0.70922,-0.82863,-0.7363,0.62473,1
-0.38587,0.074045,-0.71383,1.3313,1
0.85062,0.74941,0.78153,1.2675,1
3.0635,2.6613,0.1143,2.297,2
1.5029,2.6751,0.41634,0.20872,2
1.1316,2.3856,-1.0329,2.3529,2
3.2351,2.2873,1.0971,1.0773,2
0.46441,1.2497,1.2751,-0.36829,2
1.6446,3.0216,-0.33505,-0.54817,2
-0.81319,-0.587,1.4698,-1.1033,1
1.8189,3.3791,-1.1317,0.5266,2
-0.12277,-0.19752,-0.11685,0.28743,1
-0.15809,2.0354,-2.5563,2.5353,2
-1.1026,0.78773,-0.44789,1.9565,1
-1.8774,0.51456,0.052808,-1.13,1
-0.21941,-0.62217,-0.54134,1.1818,1
0.40104,1.8107,0.74893,-0.45687,2
2.5989,2.7072,0.6927,1.2219,2
-0.19621,0.48785,0.17699,0.28057,1
0.54509,0.39372,0.20284,-1.62,1
-0.23345,-0.58479,-1.0341,2.2248,1
1.547,2.5894,0.076762,1.7183,2
1.5918,3.3681,-0.75971,1.1172,2
1.3186,2.0856,-1.5008,3.734,2
0.48008,0.27363,-0.93917,-0.79987,1
-1.1302,-1.209,0.41003,1.0398,1
1.222,2.3375,-1.5365,1.3646,2
1.0877,-0.74748,1.1386,-0.27325,1
0.36193,2.9541,1.5213,0.78258,2
-0.64429,0.97044,-2.3139,-1.4231,1
1.0617,1.616,1.6758,2.0838,2
0.78938,-0.094089,-1.2582,-1.801,1
1.9303,3.4738,-1.0797,0.34284,2
-1.0705,0.8429,0.12525,1.0271,1
-0.99573,-0.46311,0.53809,1.3202,1
0.20227,-0.15202,-1.7481,-0.15342,1
-0.07466,0.43692,-1.1642,1.2307,1
1.5827,2.6384,-0.6158,2.3958,2
1.7473,2.7281,-1.1348,-0.54602,2
-0.89832,1.7337,0.72028,1.0087,2
1.482,2.186,2.19,1.8237,2
-2.4637,-1.1599,-1.8306,-0.31342,1
2.1046,2.714,-1.3586,0.39733,2
-0.29834,0.059254,0.975,0.55877,1
1.1013,2.2107,0.72962,0.56985,2
0.52334,1.7921,0.46798,0.0072964,2
1.5963,0.85238,0.4174,0.11268,2
-0.70608,0.06003,0.72594,-0.60708,1
2.4959,3.0532,0.93688,0.50968,2
0.45589,1.3679,0.42727,0.94635,2
-0.29426,2.3779,-0.075466,2.744,2
0.97801,1.2712,-0.24613,0.62062,1
1.0811,1.934,0.47327,1.2374,2
1.7974,-0.56371,-1.0654,-1.3605,1
0.57789,4.1186,1.2361,1.8369,2
-0.6063,-0.32305,0.56448,-0.17179,1
0.031149,2.33,1.3866,1.0818,1
0.48765,0.095476,0.46808,0.60517,1
-0.39196,1.3053,0.34133,-0.32849,1
0.41095,2.4887,-1.8515,0.59816,2
1.9841,1.8948,0.51709,1.7856,2
0.96751,3.1011,-0.69327,0.46449,2
1.1527,3.4458,-1.5914,0.134,2
1.1668,1.7028,-0.054534,0.9115,2
0.081704,-0.92907,-0.49514,0.35816,1
2.0784,2.3515,-0.95722,2.9112,2
0.0072833,1.8122,0.56043,-1.5665,1
0.69975,1.8142,0.084012,1.0149,2
1.8944,1.1377,-1.4822,1.8195,2
2.1534,2.1826,-1.1044,2.3991,2
2.7382,1.6087,1.4866,0.76812,2
1.5737,3.9006,-0.75412,-0.87825,2
-0.11208,0.77855,-1.1081,-0.61746,1
0.057799,0.26949,0.26074,1.1554,1
1.1461,2.9359,-0.7681,-0.44953,2
-0.94946,0.18011,-0.30879,-0.32122,1
2.5051,4.151,-0.83365,2.805,2
0.28844,0.23441,-0.66773,-0.45141,1
1.4348,0.16229,-1.036,-0.55245,1
2.8654,3.9316,0.20889,1.4686,2
-0.10325,0.64878,-0.86615,0.57624,1
-0.60119,-0.34221,-0.39675,-0.52649,1
0.25055,1.3806,-0.42489,1.8634,1
-0.40101,0.35119,-0.95079,-0.017777,1
1.3006,1.4539,-1.023,-2.0485,1
0.0037981,0.9408,1.7919,-0.85569,1
-0.50176,-0.45629,-0.2423,-0.66942,1
2.0257,-0.075157,-0.37161,1.7894,1
2.1399,2.7826,0.13172,2.2083,2
2.502,2.398,-1.0929,1.1025,2
1.5588,0.20136,0.52544,0.80732,1
2.4418,2.6839,0.55971,1.2985,2
0.95458,-0.17491,0.96059,0.71583,1
2.62,3.4505,0.41479,0.61157,2
-0.29692,2.432,0.85277,1.5936,2
0.84071,2.2357,-0.3403,0.48831,2
0.45597,-1.8159,-0.77471,0.00023528,1
-1.3932,0.40218,-0.12045,-1.6379,1
0.82366,1.4632,1.2655,0.20619,2
-0.088275,-0.22136,0.23505,0.41768,1
0.49916,-0.35508,-0.16529,0.51414,1
-0.45333,1.7162,0.47431,1.769,2
1.2869,1.965,0.52546,1.0506,2
-0.25145,-0.32124,2.8985,0.98276,1
1.6168,2.4222,-2.3969,0.69626,2
0.6983,0.44003,-1.2424,-1.3928,1
0.42697,2.295,-0.25171,1.4847,2
0.019544,-0.50335,-0.73486,1.6693,1
0.54274,3.8621,-1.1247,-0.12964,2
-0.35474,0.27812,0.52315,1.1016,1
2.8575,0.25743,0.844,-0.75388,2
-0.93204,0.36015,-3.225,-2.1347,1
1.0093,3.3935,-0.62029,-0.50048,2
0.52066,1.0043,-0.40283,0.42413,2
0.94856,2.7315,0.30463,2.1727,2
0.065087,0.27495,1.2609,1.2248,1
-0.60167,-1.2942,0.88942,-0.44094,1
0.62529,3.1398,2.1698,-1.0183,2
-0.084061,-1.8923,0.11053,-0.54058,1
1.0016,2.3718,0.048989,1.3761,2
1.2748,2.9047,1.0095,0.2156,2
-0.80709,-0.61316,-2.0949,0.99588,1
1.0456,0.91875,-0.79005,0.69886,2
1.7215,1.7462,0.61331,0.7355,2
0.24079,2.2455,-1.9157,2.324,2
-0.4083,0.047723,1.9251,0.12029,1
3.3004,2.0197,-0.57255,0.80606,2
0.64348,2.7076,1.1186,-1.7631,2
0.82129,3.962,-0.41726,0.042702,2
0.18707,2.3858,-0.54589,0.61509,1
2.1898,3.83,-0.7413,-0.10997,2
0.11391,1.5453,-0.37451,0.75717,2
-0.2955,0.72328,-0.056769,-0.11864,1
-0.22153,-0.70217,1.4946,-0.15299,1
2.3643,1.632,-1.0368,0.16996,2
0.95037,1.7197,0.47403,0.91443,2
-0.73974,-1.9812,-0.4284,-2.229,1
-0.90401,-1.0873,-0.29608,-0.87831,1
-0.39856,3.2576,0.83318,1.0306,2
3.5734,2.0113,0.59439,1.4989,2
0.531,-0.050124,-0.35723,0.12813,1
2.1706,3.6896,0.34673,0.4282,2
0.85438,1.7981,0.97987,-0.064416,1
1.0543,3.11,0.53599,1.3334,2
0.75103,2.7179,-0.18941,0.64616,2
0.27264,0.14918,-0.58517,0.33725,1
3.125,2.3171,-0.15532,0.59943,2
0.64577,2.3942,0.56655,-0.86989,2
0.97613,-0.74594,0.073632,1.656,1
-1.1781,-0.64313,0.14441,0.073309,1
0.65879,2.5211,-1.5552,0.7367,2
1.1748,1.6506,1.4311,3.3424,2
-0.75,0.94689,1.1651,-1.669,1
2.118,-2.7117,-0.012174,-0.62889,1
1.0693,2.757,-0.64106,2.5074,2
1.3562,2.1244,-0.56697,3.3495,2
3.1409,1.9631,0.70011,0.70164,2
0.55227,0.72102,-0.13199,-0.32939,1
0.17629,1.4466,-0.326,1.7383,2
0.172,0.84112,-0.53059,1.9234,2
2.0481,4.9764,-0.91368,1.3887,2
0.016485,0.10125,-0.29588,1.1567,1
-0.57145,0.99624,-1.4736,-0.38373,1
-0.12064,0.69571,0.51536,-0.53552,1
0.82635,2.0742,-0.93846,2.4698,2
1.4373,2.8442,0.76553,1.0713,2
-0.97726,-1.1011,1.1132,-0.72918,1
-1.2578,-1.6489,0.3116,-1.27,1
0.62496,-1.8608,0.20343,0.18864,1
0.99462,-1.3,-0.34401,0.22212,1
1.5887,3.2506,0.31837,-0.23474,2
-0.015047,1.5771,-0.50177,-0.77493,1
2.1978,0.76927,-0.90833,1.6343,2
2.9936,3.4845,0.64925,0.49827,2
0.1769,-0.46704,0.25399,1.6781,1
1.9964,3.2753,-0.44426,1.7631,2
3.0621,3.9182,-0.75836,-0.98651,2
1.2101,3.5412,2.1702,0.99165,2
-1.1221,-2.6651,1.264,0.87691,1
0.98126,-0.84419,0.75011,1.1262,1
2.1184,2.0011,0.14335,0.84532,2
0.93446,2.138,-0.83315,0.66258,2
-1.2265,0.33144,0.53503,-0.10526,1
1.0218,3.1334,1.3851,1.0286,2
-2.1299,-0.1336,-1.0639,-0.15067,1
1.1342,-1.3331,1.8695,-0.72216,1
1.3377,2.4413,-0.78564,-0.36034,2
-0.88098,-0.2265,-1.5323,-0.28414,1
2.1116,2.0916,-0.7596,0.91597,2
0.67222,-0.24854,0.27788,0.54253,1
4.0923,2.5045,-1.1355,1.4159,2
1.0703,-1.4229,1.2086,-0.493,1
1.4754,1.5324,-0.17349,0.76469,1
-0.63154,-0.86794,-1.546,0.30662,1
1.1355,2.7461,0.062063,1.4017,2
0.040272,-0.083423,-0.72252,0.62582,1
-0.99537,-0.15109,-0.91688,-2.0336,1
0.62527,2.4808,-1.7911,0.4232,2
1.265,1.8613,-0.96163,-0.85665,2
0.14948,0.23555,0.80651,1.061,1
1.2827,1.8412,-1.5659,1.8262,2
0.47982,2.2817,0.37645,1.1552,2
2.9903,3.1615,-0.41366,2.585,2
-0.39819,-1.1419,-0.23185,-0.85206,1
0.22522,0.109,-1.8493,-0.1859,1
-1.6559,-0.66233,0.01936,-0.12137,1
0.15117,2.8735,1.8975,0.78174,2
0.68598,2.0017,-0.48486,-0.57128,1
1.5159,3.1774,0.092765,0.50035,2
2.2871,0.73283,-1.8386,1.5925,2
0.64871,-2.1668,1.5275,0.93116,1
2.3246,2.7241,1.7135,0.21409,2
3.5559,2.7487,0.27925,-0.21546,2
-1.1092,1.8047,-0.27435,-0.91837,1
-1.3353,0.59378,-0.53135,0.54914,1
0.72178,1.6093,1.7125,1.6998,2
1.3368,3.0649,1.4438,1.6799,2
1.455,-1.8197,0.070212,1.173,1
0.92482,0.18196,-0.58918,0.37539,1
1.3836,-0.38158,0.35923,0.046799,1
0.39315,0.10985,1.0793,0.42731,1
1.8891,1.8096,0.74304,1.2789,2
3.2623,2.4511,-0.45233,1.3885,2
0.035825,3.3325,-0.80968,-0.57743,2
2.5552,3.9084,-0.3716,0.8995,2
-0.010728,2.5453,-1.6544,0.33537,2
1.0152,1.0384,-0.9042,0.26411,2
-0.34864,0.91902,1.0304,0.63908,2
0.32495,0.84607,-0.63371,2.4322,1
1.449,2.0072,-0.12262,0.82578,2
-0.22697,-0.67118,-0.14947,-1.7846,1
0.10556,1.6006,0.12636,1.2533,2
-0.49648,-0.098236,-1.9402,-1.0358,1
-0.53007,-0.71468,2.3552,0.88029,1
1.4984,2.5837,-1.0841,0.51094,2
-1.2082,-1.4293,0.46132,-0.90828,1
1.0151,3.3564,0.39102,-0.14594,2
1.4332,-0.76379,-0.1555,-1.5396,1
-0.21339,0.00011636,-0.75613,-1.7168,1
1.1588,2.7496,-0.37036,0.90979,2
-0.34897,-0.74021,-0.36633,-1.5261,1
-0.80849,0.1509,0.43725,0.01074,1
2.5836,3.1156,-0.016302,0.085425,2
1.238,-0.096411,1.0405,-2.1611,1
0.40233,0.43868,-0.93195,1.7588,1
1.8671,1.7507,-1.6288,1.5047,2
-1.0145,-1.4054,-0.65751,-1.8184,1
0.83815,2.1846,0.19324,-0.18749,2
2.0645,2.6694,-1.0955,1.8004,2
0.68283,0.33252,1.5131,0.61098,1
-3.6427,1.0342,0.47174,0.073121,1
0.70122,-1.0692,-0.48845,-0.62617,1
0.26593,0.66323,1.4377,1.2403,1
1.4144,2.1368,0.99283,0.46907,2
-0.23388,1.0461,-1.1125,0.45782,1
0.59525,3.3499,0.16181,-1.3484,2
1.7495,3.9563,-0.46894,0.39638,2
1.5227,2.1393,0.39043,-0.30535,2
-0.1531,-1.0722,-0.95946,1.7012,1
-0.71446,0.16742,0.99095,-0.51258,1
1.8227,2.8687,1.0461,-0.21635,2
2.7825,0.6386,0.64461,-0.17973,2
-0.70986,-0.47524,-0.54184,0.067253,1
1.9727,2.1461,0.17221,1.8562,2
0.30899,0.45495,1.1577,1.3617,2
-0.97532,-0.31434,1.6931,0.20382,1
-0.4884,-0.41518,0.13159,-0.0087721,1
0.71831,1.9321,0.11228,0.24001,1
1.8786,-0.73887,1.8172,-0.58539,1
2.1199,0.10986,-0.45203,0.42698,1
3.0661,3.2138,-0.42468,0.54767,2
-0.15487,0.4227,-0.55396,-0.24333,1
1.9444,2.7855,0.16825,1.4311,2
-1.2909,-0.087497,0.54893,-0.11664,1
0.26819,0.74598,0.7547,0.80111,1
-0.17046,0.58108,-1.4302,0.22001,1
0.43214,2.3935,-0.36135,1.0574,1
2.3313,3.5877,1.0655,0.80077,2
0.1304,-0.33596,-1.7089,0.05874,1
2.2667,1.5844,1.7417,0.37519,2
-0.59436,1.4015,0.26865,0.32526,1
2.2416,1.7046,-1.6436,1.2567,2
1.0288,-0.17293,1.9994,0.841,1
-0.31719,-0.07192,-1.3497,1.1893,1
0.53388,-1.1297,0.0095122,-1.9285,1
-1.1289,0.46424,-0.47368,0.56237,1
2.5348,1.2503,1.4706,-0.6233,2
-0.4367,2.1562,-2.0453,-1.2005,1
-0.65628,-0.54933,0.85808,0.90155,1
-0.46416,3.192,1.9191,1.3635,1
-0.089027,0.10281,-0.52154,0.13327,1
1.9137,0.13924,1.0415,0.42547,1
0.48982,0.064474,-1.435,1.6172,1
1.1232,-1.0788,0.88854,-0.21096,1
1.2955,-0.065593,-2.5872,-0.72676,1
2.5491,2.1074,1.9632,0.52224,2
-0.36768,1.1046,0.093355,-0.35292,1
0.56446,-1.2019,-0.25334,0.94162,1
0.77161,2.0866,0.42386,0.53427,2
1.0847,3.1943,-2.2196,0.79712,2
-0.40526,0.034278,-0.38489,0.093351,1
2.4274,0.88629,2.1787,-0.17709,1
-1.9146,-0.39192,0.43804,-0.60839,1
1.6067,-0.16898,-0.15879,0.60803,1
0.13965,-0.15397,0.49289,0.75151,1
-1.0957,-0.13562,0.15343,0.99158,1
0.16714,-2.0196,0.012637,-0.98951,1
0.24027,0.66974,-0.73225,0.51281,2
1.0513,0.091349,-0.76461,-0.0094995,1
-0.27949,-1.2266,-0.25443,-0.4391,1
-0.26541,-0.75444,0.078523,0.164,1
2.8582,1.2188,0.89691,1.54,2
1.701,1.7553,-1.2475,-0.066041,2
1.4975,2.1572,-0.97785,2.863,2
2.4685,2.1655,-0.98311,0.90809,2
-0.42132,0.15682,-0.22286,0.095156,1
0.49578,0.86535,0.5069,0.082142,1
1.0781,1.2965,0.52185,0.50359,2
1.4552,1.8126,1.1165,1.0644,2
-0.46587,-0.30461,0.72144,1.0535,1
1.058,-0.35447,1.1276,-0.65014,1
-0.72953,-0.9045,2.2521,-1.4751,1
0.46436,-0.58224,-1.7436,-0.48352,1
1.4546,3.3171,1.3701,-0.3302,2
1.4493,2.8583,-0.058099,0.96812,2
0.13531,-0.20392,-1.1679,2.2855,1
1.736,2.9397,-0.79572,1.7413,2
0.18855,-0.98603,1.2554,0.30917,1
0.53363,-0.50117,-1.7372,0.48887,1
0.3448,-1.6067,1.0538,0.77307,1
1.259,1.7312,-0.50188,0.59496,2
-0.58166,2.4249,-0.24233,3.2935,2
0.99941,3.8502,0.70751,1.4303,2
-1.1121,0.56965,-1.4605,-0.31532,1
1.4769,2.4029,-0.48352,0.39705,2
1.8955,3.3307,1.5028,1.7317,2
0.1303,0.2196,-1.2044,-0.75601,1
1.8794,3.5038,0.03991,0.31599,2
2.5112,2.743,-1.2738,1.146,2
1.2124,3.517,0.25553,-0.66814,2
3.3956,1.3687,-0.12447,0.85337,2
0.40644,-1.092,0.8343,-0.339,1
2.2293,1.9389,0.15539,0.96886,2
0.5984,-0.12021,-0.42814,0.65818,1
-0.60588,-0.91473,-0.21733,-2.2672,1
-0.71817,-2.1763,-0.19213,-0.7549,1
-0.024244,2.956,-1.9537,0.12205,2
-0.27157,0.12537,-0.060939,-0.84598,1
0.0593,-2.5107,0.74625,0.035855,1
-0.44387,-1.5542,-0.36553,-0.67252,1
2.1791,-0.85683,-0.5109,2.2905,2
0.37801,2.6398,-0.41309,1.2876,2
0.63149,0.14789,-1.0229,-0.031666,1
2.8161,2.7109,1.8058,1.2166,2
-0.7124,-0.7138,1.1564,0.081178,1
1.1578,3.045,-1.2806,3.3534,2
-0.015918,-0.22415,-0.19601,0.84868,1
-0.085773,1.4449,0.24594,0.6243,1
1.2866,3.3029,1.2159,2.8924,2
0.79607,1.3485,-1.3111,-0.38587,1
1.1527,0.55874,1.6068,-0.85194,1
-0.96693,0.73744,-0.45573,-0.74989,1
1.2879,-0.625,-1.4598,-2.1119,1
0.12314,1.1519,-0.94046,1.4136,1
0.68644,1.7329,-0.62134,-0.067466,2
-0.60323,1.3467,-1.4974,-0.9063,1
2.5934,2.2168,1.2725,2.5942,2
0.10321,0.78857,1.196,0.3306,1
-0.20922,1.0771,-0.5556,-0.08304,1
-0.43279,-2.4166,-0.57253,0.2808,1
-0.21612,-0.15018,-0.12195,-1.1742,1
1.6643,1.5687,-0.82964,1.7649,2
-2.5415,-0.395,-0.76177,-0.4291,1
0.47118,3.8311,-0.42314,2.7358,2
1.0214,2.3909,-1.2054,1.9535,2
2.3251,2.5613,0.52439,-0.2167,2
2.2123,2.9412,-1.0797,0.021383,2
1.2017,2.7635,-0.98897,0.3393,2
0.40984,0.20643,1.4138,0.16191,1
1.0366,0.51861,-0.9933,-0.034055,2
1.4487,3.023,-0.7112,1.3555,2
0.99731,-0.4118,0.068476,0.32123,1
-0.80354,-2.2811,0.74466,-0.22251,1
2.3639,1.9194,-2.345,0.41071,2
-0.96671,-0.9249,-1.5298,-0.20718,1
2.1997,2.4365,-1.6039,0.1659,2
1.7568,3.5601,1.7654,0.85711,2
0.03229,-1.1535,1.4925,-0.11078,1
-0.15649,2.508,0.14724,1.4764,2
1.8656,2.9411,0.098513,2.5642,2
0.1055,0.0049585,-0.92006,0.47237,1
-0.01404,0.2911,-2.2721,0.43905,1
0.30964,1.0728,1.0928,0.14798,2
1.0422,1.472,1.5955,1.2096,2
0.77909,-1.4307,2.4859,2.3156,1
0.34165,-1.2157,-1.5829,1.3995,1
1.177,4.375,-2.7216,1.9137,2
-0.015135,0.096611,0.63341,-1.191,1
1.5192,2.31,0.77842,0.36667,2
1.2875,-1.4016,1.3027,-0.75127,1
1.5903,-2.3958,2.2577,0.062957,1
0.14659,-1.8375,0.71096,2.4948,1
0.78295,1.5069,0.2275,0.91313,2
0.74585,1.2796,1.9405,1.0701,2
1.1061,-1.4665,-0.37867,-0.63753,1
0.59487,0.90966,0.037249,0.034073,2
0.763,2.0022,-0.14251,0.82929,2
2.0408,1.1406,-0.015659,1.9903,2
-0.85745,-0.81261,0.66187,-0.94149,1
0.2696,-0.29583,0.76746,-0.94515,1
0.4626,4.0279,0.23854,1.0267,2
1.385,1.0031,-0.83329,1.8664,1
-1.0993,1.3183,1.3357,-1.8527,1
0.86202,2.6602,-0.15923,0.15241,2
-1.4625,0.34622,-1.0892,0.17475,1
2.1246,0.82624,0.54393,0.067681,1
1.4005,3.7028,-0.42788,0.7306,2
2.048,2.2302,-1.5731,1.7481,2
-1.4841,-0.27263,0.15292,0.031201,1
1.0784,3.4766,0.31776,0.81482,2
2.6604,1.1807,-0.84918,1.8693,2
0.95799,-0.77977,1.0875,0.052821,1
0.67734,-0.85045,1.5785,-0.28946,1
0.10443,2.7301,0.86069,1.4443,2
-3.2574,0.43352,-1.0128,-1.0769,1
2.199,-0.66519,-0.48263,0.064916,1
1.8235,1.847,0.88787,-0.15068,2
1.867,2.0367,0.99473,0.66361,2
1.0099,0.56355,-0.12079,-0.056462,1
-1.1125,1.1283,1.2047,-1.6798,1
-0.45696,-0.84577,-0.41222,-0.072155,1
3.0087,1.6433,1.2824,2.7448,2
-1.0329,1.3467,-2.3043,-0.23172,1
-1.7379,-1.1473,-0.36364,1.5483,1
-0.48401,1.0579,1.2606,-0.35079,1
1.1308,3.5425,-0.51815,-0.05087,2
-0.76899,-0.59249,1.2295,0.89869,1
2.3794,2.4077,-1.152,0.73633,2
-1.3837,-0.24072,0.60342,-1.7375,1
-0.84596,-1.1948,-0.88588,-0.16486,1
-0.37858,2.0109,1.836,-1.0602,2
-0.46828,0.096942,0.12974,1.9579,1
-0.39538,-0.73237,-0.77427,0.26705,1
-1.8684,0.32012,-1.1144,0.39325,1
-0.34675,0.78393,-1.2178,-0.022059,1
1.2585,4.0514,-0.95964,1.5228,2
1.4486,0.25377,0.18242,0.88221,2
-0.072633,1.4408,-0.53871,-0.95475,1
-0.12089,2.2529,0.35515,-0.17896,1
-0.64055,0.34359,-1.1356,0.83339,1
-1.0905,-0.41455,-0.24622,-0.59164,1
-0.52287,-0.21036,-0.46063,-0.43331,1
1.5425,2.5646,-1.5685,0.45509,2
-0.06532,0.24899,-0.33192,0.17411,1
2.1682,3.9739,-0.22188,1.1615,2
0.26856,2.5069,-0.61207,0.87879,2
2.6065,2.0438,0.026567,2.9049,2
-1.8286,1.0483,0.55943,-0.42664,1
0.82504,2.1321,-0.39232,-0.933,1
2.5349,3.0874,0.037734,0.37456,2
-0.01424,-0.12449,0.1551,-0.13368,1
-0.67598,-0.58428,0.68777,-0.57154,1
-0.5037,0.17364,0.41931,-0.45024,1
0.11062,1.4536,0.18805,1.4866,1
0.84269,2.8229,-0.70577,1.6207,2
-0.38042,-1.8104,-0.61216,-1.685,1
0.64169,1.7124,-0.11316,-0.97994,1
2.3073,4.2561,-0.5458,0.96847,2
0.0032457,0.37749,0.36991,0.80198,1
2.3514,1.3298,-0.84688,1.6514,2
0.9167,1.2133,-1.061,0.83654,2
1.4813,1.5034,1.1507,0.66934,2
-1.8879,-1.9739,0.064593,0.68188,1
3.3126,2.3754,0.59544,1.4286,2
1.1168,1.0363,1.5159,-0.087471,2
1.3652,2.2076,-1.3995,1.1426,2
0.14545,-0.75145,-0.84435,1.3226,1
0.47193,3.5631,0.51963,1.5367,2
2.141,4.1831,-0.095852,1.0384,2
-0.71063,-0.81012,-0.58697,0.069827,1
0.10698,0.56439,-0.068624,0.18853,1
1.4761,2.8047,-1.3797,1.1493,2
-0.97533,-1.4551,-0.4358,-0.0028924,1
0.091542,0.1368,1.8557,-0.0062403,1
1.3951,1.3385,-0.27632,0.66509,2
0.68016,0.8473,0.56104,-1.1053,1
0.48598,2.3652,0.73276,0.37487,2
0.75398,1.6027,2.2634,1.5574,2
3.649,3.7363,1.2106,0.76186,2
0.96698,3.6404,0.90515,2.5619,2
1.5215,0.81577,-0.12038,2.9414,2
-1.0113,-0.3933,1.654,-0.50862,1
-0.84706,1.7302,0.68445,0.41315,2
-0.91135,-0.67654,1.0844,-0.14016,1
1.4108,1.9755,-0.64251,1.7269,2
0.13223,-0.92376,-0.56444,0.4591,1
1.9993,3.1887,-0.24414,0.81841,2
-0.98888,3.1862,0.15657,1.8769,2
-0.54373,-0.016741,0.22371,0.00094345,1
1.2646,1.922,0.077296,0.19055,2
1.0578,0.51842,-0.911,-0.30869,1
1.2338,-0.49557,0.23641,1.439,1
1.5244,2.3205,0.34346,2.7226,2
0.49276,1.526,-0.27675,2.169,2
-1.041,-0.54643,-0.31098,0.19751,1
2.888,2.3714,-0.49432,0.33177,2
-0.91415,-0.57482,0.32743,0.50567,1
0.74777,1.2003,1.8063,-0.23414,2
0.53979,1.6192,-0.68762,1.641,2
0.27721,0.38267,-0.59126,-0.37518,1
1.4028,1.7413,-0.70338,1.7153,2
1.1334,1.5569,1.3153,0.73122,2
-1.1829,-0.65225,0.34284,0.2274,1
1.6018,2.3609,0.15893,2.6174,2
1.218,0.7019,0.54372,-0.089071,2
0.055404,3.5015,1.3802,3.5396,2
1.2714,3.7938,-1.29,2.0808,2
2.7212,2.4773,-0.16479,1.6053,2
1.2512,3.2244,0.75174,-0.58525,2
0.76424,3.4082,0.16866,2.186,2
0.90238,-0.37566,-0.13647,2.4934,1
-0.15259,0.21577,-1.3668,2.8833,1
-0.80093,0.89337,0.12131,2.8795,1
2.8467,-0.9504,-0.58927,-0.96231,1
1.6608,2.3318,-0.21413,0.18605,2
-0.28839,0.72542,-0.12639,-0.067502,1
-1.1893,-1.2453,1.8046,-0.21619,1
-0.96226,-0.0056394,0.582,0.23888,1
0.10106,-0.32889,0.36389,-2.8031,1
-1.0411,0.25874,-0.034587,-1.5066,1
3.4565,3.1788,-0.50827,1.6751,2
0.34869,0.15026,-0.56584,-2.2434,1
-1.2403,0.5751,1.0903,-2.1141,1
-0.88367,0.067902,-0.022869,0.48982,1
0.98581,3.6679,-0.53662,-0.74116,2
-0.37882,0.62089,-0.072277,1.5315,2
0.22536,-0.5565,0.58905,0.9741,1
1.4217,2.4893,0.094887,0.85187,2
1.853,2.285,-0.29686,2.3173,2
1.8781,3.8354,0.8643,0.60214,2
1.5903,-0.36377,-1.1417,-0.73071,1
1.7663,3.4757,0.30742,-0.71843,2
-0.096063,2.1319,0.45303,2.9388,2
2.7593,1.8832,1.6382,0.93123,2
2.9973,0.96184,-1.033,1.1701,2
0.71437,2.8224,0.32654,1.8615,2
2.2506,0.68128,-0.90034,-0.47109,2
-0.30573,-0.45473,1.5166,0.1249,1
0.079092,0.029975,-1.3492,0.56802,1
-0.65659,-0.081727,0.62239,-0.65376,1
-0.54019,-1.4962,-1.3494,1.4073,1
1.6947,3.0013,-0.57682,0.98398,2
-1.0959,-1.0794,-0.1406,0.14934,1
1.1724,2.8988,0.058031,1.7715,2
1.3134,1.8507,-0.76511,0.4907,2
0.54072,1.9175,-2.0265,2.6621,2
0.35148,0.63997,0.59221,-1.3631,1
0.69492,3.3217,-1.906,1.0749,2
-0.10154,1.0437,-0.73057,-0.22087,1
0.28342,2.1057,-1.037,3.0179,2
0.29639,0.4655,0.56713,-0.35909,1
1.3069,2.5411,0.1777,3.0864,2
-1.181,-1.2266,0.16648,-0.49951,1
0.10947,-0.6925,-0.060583,-0.27571,1
2.802,-0.92031,0.80857,1.7969,1
-1.3627,0.19211,-1.1513,0.9072,1
2.5067,4.6046,1.2177,-0.43722,2
1.179,3.8476,0.93853,1.8149,2
2.8319,2.4726,0.40528,0.78797,2
1.6576,2.2935,0.022925,0.47015,2
0.41427,-0.78231,1.6685,-1.2741,1
0.23569,-1.0043,-0.57354,-0.40489,1
0.51178,-0.024884,-0.19873,-1.928,1
1.9216,1.1378,0.55496,1.8628,2
0.42591,2.7211,-0.28556,3.0892,2
0.54195,2.3529,0.28291,-0.23161,1
-0.19598,0.08453,1.3435,0.17036,1
2.8852,3.4068,1.1584,0.77381,2
1.4454,-0.16991,-0.46963,-0.89807,1
-0.34868,-0.20389,1.0769,-1.2668,1
-0.38385,0.057741,-0.068528,1.0738,1
1.6315,2.1343,-1.2778,-0.82131,2
-0.46941,0.66276,-0.42522,-0.87913,1
1.7255,3.2157,0.23187,2.1461,2
2.5309,2.0959,-0.36358,0.25643,2
1.2182,3.7779,-0.70852,-0.31712,2
0.35501,3.3126,-1.1237,1.2799,2
0.75644,-0.39904,0.36645,-0.10644,1
-2.7914,-1.9072,0.22562,2.5832,1
0.64481,-0.62827,-0.20098,0.018828,1
-0.99033,-1.1085,-0.45131,-0.81408,1
1.6416,3.7053,-2.9471,2.1247,2
0.5429,-1.5696,-1.0552,0.43108,1
-0.82845,-1.2536,1.623,0.16619,1
-0.83576,-1.6242,-1.4105,-0.048342,1
1.5015,3.5869,-1.0293,2.0235,2
1.249,-0.55809,-0.54027,-1.9285,1
0.26698,0.084522,-1.1564,-0.18747,1
0.26518,4.2042,-0.62633,1.1906,2
-0.1091,3.4513,-1.2416,1.0243,2
2.3057,1.1171,0.67624,0.91387,2
-1.6725,-0.34415,-0.68522,-0.36149,1
1.1966,-0.6075,-3.1794,-1.3897,1
-0.59179,1.7985,0.65941,-0.24203,1
2.5253,2.8112,0.34653,1.1963,2
1.3464,0.29085,1.1151,-0.5569,1
0.64586,3.8165,-0.015867,2.2896,2
0.027588,1.1386,-1.6999,-0.58827,1
-0.076061,1.2349,-1.1702,-0.63074,1
-0.90602,0.92019,1.6389,-0.27073,1
-1.4461,-2.5354,-2.1339,0.5205,1
1.8823,3.6443,-0.59364,0.90299,2
-0.72851,2.0362,-0.51493,2.0741,2
2.0687,3.5812,0.8305,1.5845,2
-0.67228,0.020598,0.76169,-1.5461,1
2.43,2.3942,1.5455,1.1775,2
0.40051,-0.15586,-1.7822,0.17533,1
2.0838,3.1205,0.77735,-0.43543,2
-0.084647,-1.3448,-1.0345,0.81874,1
0.86327,3.4119,-0.12397,-1.2652,2
1.7123,2.624,1.3926,2.0158,2
-0.6254,-0.48097,1.2392,-1.673,1
-0.62144,0.83351,-1.1567,2.0789,1
2.6538,0.84522,-0.83372,2.3226,2
0.41403,-0.4362,1.1709,-0.23404,1
1.5116,3.4896,-0.66765,1.2611,2
0.70013,-0.44447,1.0658,-0.53719,1
2.8583,1.8318,0.12202,1.546,2
2.0439,2.5756,0.084828,2.6388,2
1.7946,-0.013026,-2.2437,1.4037,2
-0.92425,-0.53332,0.62068,-0.24834,1
-0.27141,-0.73689,0.60542,0.69768,1
1.9726,3.0095,-1.0192,2.7646,2
0.7287,2.3341,-0.1626,0.38456,2
0.20416,-0.60326,0.64441,0.30829,1
1.9424,3.4608,-1.2192,1.4869,2
0.21145,2.3763,0.6305,-1.0393,2
-2.0408,1.643,-1.1662,0.63505,1
1.5953,2.2652,0.043334,0.097278,2
-0.026448,0.095599,0.76967,0.46686,1
0.41216,0.53623,-1.52,1.1527,1
2.6847,1.8026,-0.49207,0.48122,2
-0.11557,0.44411,-0.56986,-0.047114,1
0.050855,-0.16805,-0.30162,1.9054,1
1.0184,1.2838,0.18083,1.718,2
0.18112,-0.027541,-0.050945,0.5151,1
0.39317,-0.40183,-2.2373,0.14958,1
-0.26179,0.77539,0.45813,-1.0755,1
-0.54574,0.50785,0.92061,0.1633,1
1.8114,1.1179,2.0189,0.20216,2
0.056768,-1.7117,0.12272,0.30914,1
2.7722,2.7343,1.7037,1.3749,2
2.72,1.5904,0.27459,1.7275,2
-0.36726,0.70814,1.3943,-0.19694,1
0.09746,1.6207,2.0226,-1.7712,1
1.0701,2.8581,-1.7936,2.4375,2
-1.4407,-2.5931,0.337,-0.41521,1
0.20803,1.1648,-3.3327,3.2526,2
0.81627,-1.8328,-1.0209,0.0027902,1
2.8532,1.5896,-0.80113,-0.53317,2
0.50241,2.4277,-0.56285,1.9385,2
1.7579,3.0135,-0.22862,0.75463,2
0.77915,2.037,1.2251,-0.47456,2
-0.16801,-0.26272,0.82765,0.72437,1
0.27344,1.1473,-0.21911,1.4385,2
-1.63,-0.70494,0.41464,-0.33335,1
0.64205,1.0646,0.51422,1.4309,2
0.40859,0.32701,-1.3582,-1.478,1
1.8653,0.44408,-0.47307,2.1529,2
-1.4013,0.91356,1.005,0.85333,1
0.24134,3.0933,-0.46056,2.5047,2
2.3199,4.1645,-1.2371,0.8396,2
3.3731,3.3325,0.51192,0.70859,2
0.083591,0.15628,0.082576,-0.056077,1
0.64501,-0.81977,-0.98818,0.73491,1
1.6735,2.7007,-0.34298,-1.1549,2
1.9268,2.8089,2.8666,2.434,2
-1.0394,2.0532,-0.76594,-0.32881,1
0.77969,3.6223,-1.4298,-0.045681,2
-0.5613,2.7726,-2.633,2.5694,2
-0.49199,1.0745,-1.5873,1.4994,1
1.5911,2.791,0.66174,0.54631,2
-0.57581,-0.60573,0.80877,-0.25426,1
0.99418,3.0652,0.42962,0.36374,2
-1.3398,0.61258,0.3225,0.85469,1
-0.39006,2.5119,-0.3068,-0.66256,2
2.846,0.64183,-0.71303,2.511,2
0.61096,3.1098,-1.3929,1.0552,2
1.0522,3.4841,0.8926,1.2516,2
1.0081,-0.92321,-0.16183,0.98863,1
0.62657,3.188,1.1481,1.3778,2
2.5365,1.1963,0.036057,2.8153,2
0.41705,0.87949,0.74647,-0.16631,1
1.5693,1.9153,1.4268,2.0195,2
-0.42436,-0.45317,-0.46458,0.090605,1
0.89233,-0.1757,1.2877,0.57659,1
2.3198,3.1126,-1.8496,1.4266,2
1.7175,2.5938,0.19634,-0.028233,2
1.2823,1.4073,-1.065,-0.024448,2
0.66583,2.5781,-1.2038,2.693,2
0.88194,0.66652,0.81496,-1.5329,1
3.7778,2.4881,-0.38244,2.1902,2
1.5688,0.72547,0.42803,0.61687,2
3.8129,3.3603,1.4212,0.030553,2
-0.4358,-0.39894,1.2676,-0.22452,1
0.39129,-1.3917,-0.69893,-3.3259,1
1.9085,2.37,0.66091,1.8572,2
-0.90791,0.3093,-0.30665,-1.5338,1
-0.94135,-1.2142,0.76108,0.64479,1
2.1664,1.8392,-0.95761,2.0965,2
0.57006,3.5737,-0.79068,-0.38966,2
2.6751,2.35,-1.2303,0.27095,2
2.7033,2.7819,0.69203,-0.47296,2
2.0157,-0.1885,-2.1603,0.43387,1
0.9527,2.3553,-0.72375,1.9422,2
1.595,1.0803,1.711,1.0577,2
2.8543,1.4684,0.27286,2.3508,2
0.48403,3.9858,0.69575,0.97007,2
0.012843,-0.06743,-0.5205,1.1655,1
3.1602,0.3756,-0.54937,-1.1127,1
-0.74534,-1.3512,-0.25588,0.6232,1
0.71844,2.2384,0.76264,0.72311,2
1.278,0.88119,1.7553,2.088,2
-0.32034,-0.21132,-0.069162,1.0856,1
3.3706,0.38773,-0.51877,-0.71476,2
1.2157,3.8909,-1.5292,1.7461,2
0.81467,-0.029051,0.092901,-0.27253,1
1.6334,0.49637,-2.1802,2.2884,2
0.93754,2.2627,0.94411,0.049824,2
0.49509,0.47134,0.89323,-0.3748,1
0.65609,2.1565,0.73841,3.1447,2
2.913,2.101,1.4288,1.7965,2
2.297,1.733,-0.1006,0.70459,2
1.7639,-0.91295,-1.3667,0.6264,1
0.59231,1.2591,-0.47228,1.4874,2
0.62095,-0.68525,0.46339,0.55258,1
1.9241,1.3664,-0.76595,0.83855,2
1.2033,1.9877,0.32714,1.0315,2
-0.40947,0.091072,-0.68321,-1.1561,1
-0.41987,-0.8014,-0.89608,-0.59028,1
-0.65984,0.35271,-1.3575,0.61321,1
0.69758,-0.08361,0.5759,-0.61638,1
1.4325,0.48261,-1.3505,-0.86215,1
1.1875,3.9219,-0.88846,0.43962,2
0.15017,-0.5139,-0.2257,2.0232,1
-0.91653,0.025888,-0.53973,-0.81933,1
-0.36526,0.29269,-2.1197,0.21642,1
0.28833,-0.4699,0.089715,0.22377,1
3.2294,2.1924,0.080353,0.58868,2
-2.3327,0.01595,-0.45945,0.83179,1
2.3715,3.198,0.058582,-1.1236,2
1.5305,2.6033,-0.13628,2.0136,2
0.56829,2.9361,0.20095,0.83238,2
-0.53317,-1.1945,0.92865,-0.55836,1
0.89143,2.2625,-0.052169,1.6968,2
-1.576,-1.1807,-1.4478,0.81135,1
0.11586,0.23892,-1.2769,-0.31746,1
-0.65133,-0.37355,0.7833,-2.1467,1
-0.73063,2.8795,-0.017825,1.3082,2
1.1388,2.9213,0.99847,0.51424,2
1.5711,0.56363,-1.1924,0.65169,1
-0.55527,1.2504,0.12401,-2.0205,1
0.94886,4.143,-0.76951,2.6389,2
1.3395,2.7657,-0.53336,-1.2379,2
1.7233,0.74553,-1.1002,0.37082,2
1.1018,-1.4838,-0.76462,0.63906,1
1.926,2.5311,1.3261,0.916,2
0.20816,0.27479,0.045764,-1.7009,1
-0.64544,-2.2225,0.25028,0.76958,1
0.39584,2.591,-0.74247,2.8124,2
1.4871,0.69963,1.4792,-0.15953,1
0.33701,1.7902,0.14943,0.99302,2
0.86992,2.5617,0.17439,-0.25545,2
-1.1943,-0.69694,0.068003,1.2157,1
-0.82075,-0.26233,0.39741,-1.159,1
1.4765,-0.38646,-0.54469,0.8855,1
-0.028285,-0.58209,0.71681,-1.6384,1
-1.0524,3.4553,-0.63728,0.47248,1
-0.18407,-0.64948,-0.84861,0.57185,1
2.892,2.7854,0.20194,1.3351,2
1.0522,-0.37597,-2.0377,0.36067,1
1.3164,2.0994,-0.19459,1.9095,2
-2.4412,-0.67078,0.56238,-1.1733,1
2.3907,4.2966,0.84463,-0.046288,2
-0.463,2.3362,1.1922,0.27609,2
-0.1394,-1.1897,0.92461,1.9123,1
0.8665,3.2028,2.0729,1.6627,2
0.20217,-0.049754,-1.0432,1.0495,1
1.4715,-0.76786,-0.43899,-1.0683,1
1.7572,2.2775,0.58636,1.7779,2
1.143,2.3794,-0.54737,3.1062,2
1.0426,-1.3997,0.55439,1.1425,1
0.47994,-1.3225,-0.52008,-1.7458,1
-0.73559,3.5283,-0.81246,3.0491,2
1.0426,-0.8364,0.5847,0.50318,1
0.18697,-0.15387,-0.63189,-0.20858,1
-0.25036,1.3534,-2.4613,1.6996,2
1.8737,3.1729,-1.1333,-0.3532,2
0.46529,3.3094,-0.48208,2.9532,2
1.4287,2.578,0.0062482,1.9957,2
1.7747,2.3111,-1.6123,1.0388,2
-0.57582,0.90591,0.72645,1.177,1
1.5902,2.2642,-1.5335,1.6109,2
2.7477,1.1932,-1.4958,1.0607,2
0.86378,2.5522,-0.67109,1.2746,2
1.6134,2.1587,-0.50085,0.40514,2
0.39871,0.01338,0.34235,-0.56111,1
-1.5891,-1.3902,0.14667,1.2735,1
-0.97571,1.8841,0.47463,0.29836,1
1.9858,0.87789,-0.10975,-0.099604,2
0.35398,0.33922,-0.16191,-0.038095,1
1.7038,3.9911,1.7958,1.0579,2
-0.55271,-0.85958,1.4903,-1.9079,1
0.026443,1.5255,0.19923,1.3237,1
-2.5455,-1.5967,2.2674,-0.25918,1
0.77099,2.0445,-2.03,1.0715,2
-0.18688,0.69562,0.6319,-0.29407,1
0.79739,2.7473,0.14478,0.57605,2
1.8796,4.0982,0.28607,0.35129,2
0.97661,2.4329,1.5251,0.1024,2
0.99584,0.39018,0.058388,0.40399,1
1.2515,0.71689,-0.36401,-0.96041,2
1.2134,-1.1322,-0.36898,1.3291,1
1.8711,3.8265,-0.39729,-0.47923,2
-0.67113,-1.8391,-0.65044,-0.68959,1
0.46736,-0.93488,0.033664,-0.24449,1
0.68265,3.8207,-0.64141,0.81038,2
0.63818,1.2531,1.0968,-0.47406,1
1.3655,1.9322,-0.033708,0.53228,2
0.77492,2.1548,2.2741,-0.12182,2
-0.52028,0.89186,-0.024784,-0.10772,1
-0.38673,1.8903,-0.3272,1.8568,1
1.2749,2.3875,1.2673,0.53538,2
-0.16279,0.42886,-0.4162,0.28043,1
2.4844,1.5561,1.101,0.47741,2
1.0629,3.3793,1.0756,0.45706,2
2.2976,3.1688,-0.80058,0.1751,2
-0.32361,-1.5223,1.9714,-0.1578,1
-1.5615,0.25365,1.1771,0.1521,1
2.9486,3.0535,-0.24804,0.36975,2
-0.073927,0.1787,-0.07826,-0.22719,1
-1.0332,1.9408,0.56965,-1.6345,1
0.26338,-1.5548,0.35153,-1.0962,1
-0.28027,-0.61853,-0.8805,-0.3794,1
1.9564,-0.75015,-1.2968,-0.34068,1
-0.4826,0.43825,1.36,-0.055817,1
2.9601,2.2929,-0.38531,2.1816,2
0.25634,0.27536,1.0508,0.6996,2
1.7783,2.97,0.22623,1.2886,2
1.4257,2.4473,-0.57578,0.057046,2
0.69872,-0.77034,0.33274,-1.4785,1
1.317,2.7697,0.41672,0.12395,2
1.6351,2.837,-1.0886,0.64957,2
-0.0049379,2.7248,1.3037,0.17342,1
0.82672,0.38881,-0.051258,-0.49417,1
-0.60746,-1.3915,-1.5512,0.43127,1
0.88022,3.2284,0.050189,-0.61044,2
1.3111,0.25787,-0.76281,1.3404,1
1.2939,-0.58238,-0.1531,1.6546,1
1.6171,3.8149,-1.5522,-0.43858,2
-0.55698,0.69296,-0.39887,0.91333,1
0.39704,-0.18175,-0.39879,0.92812,1
0.1355,-1.1825,-0.027035,1.4495,1
0.14334,-1.2338,-0.070824,-0.4785,1
-2.1135,0.063307,-1.7349,0.4997,1
1.7757,3.1433,0.94726,1.0537,2
-0.70073,0.2361,-1.6867,-0.99504,1
1.1357,1.3492,-0.23689,2.6585,2
1.8965,0.83784,-0.56419,1.5498,2
-0.56562,-0.044258,-0.86792,-0.4621,1
-0.42409,-0.52177,1.4699,1.9516,1
-0.44845,1.1938,-0.71966,0.22216,1
1.7814,0.21929,-0.44834,1.8047,2
1.1956,-0.41087,-1.6256,0.24823,1
-0.41486,0.46567,-0.13977,0.53433,1
0.74294,2.7626,0.92442,0.56653,2
0.28235,0.14693,-1.4125,1.6836,1
1.7929,0.7329,1.0942,0.61702,2
2.5775,2.4525,-1.346,1.2327,2
1.2176,2.7923,1.0045,1.3842,2
-1.0732,0.38395,-2.6115,-0.18445,1
0.58064,5.9835,-0.28715,0.99061,2
1.9573,3.5709,0.74189,2.1857,2
2.4783,2.0234,0.74409,0.70561,2
0.52192,-0.62193,0.48404,-0.18928,1
0.62007,1.637,1.5464,-0.09535,1
-0.019277,1.1777,-0.012936,0.85771,1
-0.40323,-0.73846,0.16535,-0.38554,1
-0.57789,0.86167,1.01,0.98272,1
1.3122,3.1551,0.12333,1.6962,2
-0.19548,-0.96642,1.8047,1.2657,1
2.2132,-0.0064258,-2.4992,-0.26382,1
-0.38445,3.1549,-1.0579,1.5234,2
-0.13244,1.5152,-0.15493,0.70065,1
0.058116,1.9223,-0.20491,0.45873,1
0.63491,3.5548,-1.9929,1.9485,2
1.5533,2.1724,0.12355,0.29788,1
0.026571,0.022424,0.067744,-2.6761,1
-0.33202,-0.31038,-0.69862,1.5827,1
0.63715,2.128,3.1637,0.18531,1
0.59983,1.4885,-1.8126,0.40619,1
2.6316,2.2538,-0.5236,2.2021,2
0.22994,0.30093,0.66031,-0.90486,1
-0.17198,-0.46212,-1.3927,1.2796,1
-0.0090635,-0.82921,-0.4272,-0.67234,1
1.7382,2.594,0.37475,0.67827,2
-0.59976,1.8455,-1.2578,-2.577,1
-0.073516,0.23184,-0.06327,-0.074787,1
0.37325,0.4577,-0.54749,0.31562,1
-1.3769,2.5706,-0.59357,0.4634,2
1.4897,1.0294,-1.1797,-0.026384,2
0.45784,0.84619,0.85468,-0.98872,1
0.9029,2.3973,-0.07636,2.5356,2
1.2979,0.71149,-0.60853,0.24642,1
3.1763,2.2056,-0.17213,1.9461,2
1.7059,1.0578,-0.10816,1.7546,2
1.4514,0.23132,-0.021969,-0.49078,1
0.72655,0.93913,0.45756,0.86703,2
0.29064,-0.12493,1.2594,0.92749,1
0.753,-0.2183,0.15214,-1.1899,1
-0.22052,-0.33896,-2.5139,1.8349,1
0.31527,1.6084,1.4305,1.8939,2
1.0338,-0.85743,1.0973,-0.32494,1
2.0645,2.151,0.11575,2.9652,2
1.1673,1.7156,0.75309,2.7595,2
-1.2328,-0.90795,-1.613,-0.14317,1
1.0415,1.5808,0.69082,0.8586,2
1.922,2.5084,0.037755,0.93417,2
-0.84636,0.62361,0.20432,0.7376,1
-0.18893,1.2763,0.44284,1.2077,2
1.1368,-0.35535,1.7574,-0.31164,1
2.5435,4.0645,-0.18075,1.9674,2
1.5196,0.9364,0.18376,0.47697,1
1.3795,0.66627,0.82761,0.78117,2
1.2168,2.1549,0.54972,-1.0462,2
0.47952,-0.38334,1.7243,0.383,1
2.5937,2.6419,-2.0165,1.6093,2
1.9218,2.1171,-0.31639,0.678,2
-0.27064,0.44703,-1.5002,0.38548,1
-0.4754,0.19733,-1.0432,0.017002,1
1.9666,0.42962,0.95488,0.65444,2
0.015524,1.0851,1.3804,-0.18538,1
-0.27864,-0.32283,-0.28237,0.65967,1
-0.026511,-1.073,-1.3715,-1.6478,1
1.5547,1.8596,-1.3527,2.0291,2
1.5189,-1.0759,-0.72058,-1.0462,1
0.85749,2.7627,0.15414,0.53928,2
2.4798,0.91289,-0.75555,1.1406,2
-0.46548,2.0263,0.090779,2.1633,2
-0.95571,0.39199,0.29438,1.1293,1
2.6039,2.0133,-0.64283,1.0899,2
1.052,4.4425,0.95603,0.66396,2
2.382,4.036,0.54709,2.5381,2
-0.14346,-0.55843,-0.19912,-0.14305,1
2.6991,-0.1546,-1.0145,-1.022,1
-0.10727,-0.17307,-1.7542,-0.38945,1
2.3644,3.7456,-0.60663,1.3513,2
1.5694,1.9032,-0.92908,0.065662,2
-1.9642,0.98053,-0.47968,3.1011,1
1.4189,-0.26705,0.44558,-0.57564,1
2.1346,2.5212,-0.86829,1.9813,2
3.1022,3.9871,1.1973,0.38648,2
-0.015155,-1.6591,0.44622,2.7091,1
1.6559,0.47993,0.67892,-1.8198,1
0.82551,-0.47193,-0.19365,1.1429,1
-0.47747,-1.2699,0.35868,0.36061,1
-1.1689,2.5073,-1.6741,0.064249,2
0.56153,0.38616,-1.045,0.66403,2
0.093465,-0.0030225,-0.80585,-0.6662,1
0.32243,0.98332,0.069032,-0.65405,1
1.5248,2.4032,1.3312,1.3162,2
2.5797,2.7619,-0.27053,2.4546,2
0.62261,1.8301,-0.43585,-0.37512,2
2.3131,-0.52843,1.5972,2.809,1
-0.90304,-1.7968,1.213,-1.2688,1
1.3214,0.44193,-1.5736,1.891,2
0.86234,0.26771,2.0319,-0.86519,1
-0.30416,-0.6787,0.37957,0.11668,1
1.7505,2.6533,-0.71316,2.5011,2
2.1065,1.4595,0.44667,1.6212,2
2.0447,2.7576,-0.87887,1.3252,2
0.61098,1.07,-0.0044868,0.5482,1
-0.08064,-0.068321,-0.92152,-1.4026,1
-0.77633,0.66439,1.3242,-1.3276,1
2.5683,2.8438,-0.8923,1.1445,2
1.7629,2.6456,1.3371,3.6711,2
2.1341,1.9492,-1.2819,1.9594,2
0.12805,-0.32394,0.06388,0.61515,1
2.0522,2.9661,-0.66092,1.3466,2
0.14256,1.3445,-0.40222,-0.18115,1
0.72737,1.4125,-0.83602,-0.14233,2
1.3802,-0.11512,-1.4793,-1.0986,1
-0.29097,1.3543,-0.14789,-1.5891,1
0.54406,3.6746,-0.59995,0.53997,2
-0.27611,-0.044807,1.9932,0.22556,1
-0.029121,1.123,-0.88156,1.8922,1
-2.5404,-1.1761,-0.37594,-1.0453,1
1.5879,0.65958,0.24156,1.6841,2
-1.6752,-0.40088,0.96726,0.34174,1
0.83216,2.1009,-2.2862,0.28552,2
-1.3681,-0.42171,0.10394,0.57946,1
2.0771,0.24023,0.87,1.1557,2
1.6847,2.4215,0.91657,1.7938,2
0.6581,2.653,0.77828,0.56671,1
2.3275,1.9058,1.4199,-0.32816,2
0.5032,-0.44909,1.5605,1.0971,1
1.1781,-0.31864,0.87027,-0.56749,1
0.045298,2.1651,-1.5492,0.22403,2
1.7315e-05,1.5157,-2.2503,0.95458,1
0.6051,0.77016,-0.18464,-1.4368,1
0.063406,0.15198,1.0421,-0.43646,1
0.019624,2.7423,1.3202,-0.39769,2
-0.092152,1.0139,1.4999,1.2334,2
-0.90666,-0.71105,0.56627,0.45434,1
1.5728,5.509,-0.2489,0.71311,2
1.0072,4.1398,0.10414,0.11688,2
1.3374,3.1682,1.2657,0.2163,2
-1.039,0.99459,-0.32057,0.93052,1
0.44123,0.31481,-0.53325,0.9986,2
3.312,2.8687,-2.6555,0.49317,2
-0.604,0.03994,-1.3497,-1.0877,1
0.87899,1.6036,-0.075278,1.3764,2
2.8432,4.2279,-0.623,1.9779,2
1.0265,2.6545,-0.16828,1.2648,2
1.0273,-0.38514,0.24075,1.8466,2
-0.14188,-1.8438,0.66829,-1.6301,1
2.0017,0.81783,0.091646,1.9595,2
-0.13708,-0.42304,0.54144,1.6959,1
0.4433,0.57087,0.83998,0.78958,1
1.3366,1.367,1.5443,0.76157,2
0.2671,4.3524,0.75179,1.9643,2
1.396,3.7339,-0.3327,0.90321,2
-1.3756,2.825,1.5388,0.54221,1
1.8212,2.8005,-0.09932,1.986,2
2.2441,4.4994,-0.55811,1.6252,2
1.6643,2.6703,-1.5406,-0.43044,2
2.3083,3.8148,-0.027379,1.8627,2
-0.23745,2.1902,-0.018918,2.8033,2
1.8004,-1.6846,0.58588,-0.9401,1
-0.45645,-0.13953,1.7992,-1.3554,1
2.3896,2.1894,-0.55985,2.7419,2
1.7226,1.3623,-0.77505,1.2551,2
-1.5276,1.3897,1.3629,0.64735,1
1.0289,3.0479,0.094702,0.84276,2
-0.21344,-0.81708,-0.71693,1.294,1
-0.89938,0.11419,-0.37529,0.71379,1
2.8432,2.7059,-0.54671,2.452,2
-1.5695,0.64867,-0.045386,0.7382,1
1.484,4.0882,1.4932,-0.61463,2
0.22471,3.1756,-1.5009,-0.32551,2
-0.99969,0.056331,1.8517,-0.010773,1
1.6054,3.2799,-0.26823,1.7746,2
-0.50533,-0.020452,0.98629,0.85462,1
0.30696,2.1248,-0.80198,0.87879,2
2.6835,2.1842,1.5006,0.13882,2
1.567,0.40087,1.7069,-1.4214,1
1.0463,0.50982,-0.62688,-0.022769,1
0.89548,2.0922,-1.2811,1.6867,2
1.5241,-0.34236,1.4864,0.55456,1
0.281,-0.2823,0.64202,-1.0003,1
1.0833,2.294,0.65412,1.0601,2
1.8782,2.9098,-1.7272,-0.24143,2
-1.9641,-1.7612,1.4216,-0.22916,1
3.6248,0.17213,1.1056,0.31706,1
-0.52157,-0.63975,2.3054,0.081687,1
1.0906,2.1756,1.9664,-1.3272,2
3.3196,1.733,0.2564,0.61895,2
1.6415,1.6574,2.5997,2.4149,2
1.8671,2.452,1.5276,3.0372,2
1.7521,1.6386,-1.6655,0.33588,2
0.20254,2.7667,0.050415,2.5226,2
-0.1944,3.3047,2.0633,2.5757,2
1.9902,3.0089,0.15954,0.83087,2
1.7785,3.8606,0.33583,1.1541,2
1.8584,2.1837,0.50397,-0.6363,2
-0.22995,-0.85264,0.014298,0.31228,1
0.7563,2.7165,1.1008,0.69643,2
3.067,1.8031,-1.2264,0.62936,2
2.2886,2.4238,-0.35813,3.6422,2
-0.16569,-0.89773,-0.94045,-0.49949,1
1.6218,1.7879,0.46534,1.761,1
1.1995,2.6787,-0.85194,1.6113,2
1.6882,3.2623,0.16792,-0.077148,2
0.057932,0.73674,-0.21582,0.26352,1
1.5623,-0.35601,0.95585,0.37052,1
1.2822,1.3961,-0.27474,1.328,2
-1.9807,-1.0444,0.46411,0.3571,1
1.206,2.0833,0.76947,2.7561,2
-0.98534,-0.28254,-2.1294,-0.43885,1
1.5895,1.7874,-0.34666,0.84551,2
1.3751,1.3768,2.0166,-0.62825,1
-2.313,-0.84695,0.35145,-0.60563,1
-0.39506,1.5355,-0.41163,2.1811,1
-0.090133,-1.4794,-0.32122,-0.23374,1
0.29167,-0.45829,-0.35699,0.41216,1
1.4418,1.8029,-0.046125,1.9625,2
0.29201,2.6437,-0.93385,0.25499,2
2.2277,4.1598,-0.92157,1.7888,2
1.2916,2.1041,1.3656,-0.59305,2
-0.52968,-0.41818,0.11448,-0.32278,1
2.5455,2.221,0.28831,0.295,2
-1.203,0.26883,1.0726,-0.37827,1
1.6144,-1.6874,0.49495,1.384,1
1.3493,1.3318,0.33991,-0.19054,2
2.0359,3.0368,0.35445,0.94218,2
0.20514,-1.0134,-1.7805,-0.86051,1
0.55128,3.6634,-0.00080034,0.52574,2
-2.5795,1.101,0.66351,1.1194,1
0.046042,-0.68691,-1.3281,-1.779,1
-0.87491,-2.5068,-1.931,1.5417,1
-0.56189,0.60378,0.41415,-0.21993,1
-1.1206,2.6557,-0.38554,-0.56146,1
3.3771,2.9362,1.2427,0.51612,2
0.50027,-0.40323,0.0071549,-0.061792,1
0.14089,-0.19818,-1.2092,-0.58826,1
-0.16164,0.64239,0.59909,1.2125,1
-0.11106,-0.15673,-0.12094,0.39652,1
-0.95423,1.1105,0.1508,-0.32446,1
1.423,-0.75002,1.5775,0.27408,1
3.2932,3.8597,1.1753,0.42631,2
0.56977,3.5346,-0.73771,3.5713,2
-0.021184,0.82504,-2.1234,-0.43154,1
1.6759,2.5076,-0.99638,0.38942,2
-0.22352,-1.1706,1.6919,-0.46918,1
1.7783,-0.092791,0.39732,0.88668,1
1.7689,2.1301,0.040538,1.2177,2
0.48361,2.6715,-0.58716,2.1833,2
0.85061,-1.0982,-0.18427,-0.87807,1
-0.79365,-0.079876,0.46571,-0.38512,1
1.3029,2.1188,0.98484,-0.84625,2
2.247,2.8859,1.6557,-0.054988,2
0.37196,2.304,1.6043,-0.027547,2
0.83761,-0.87104,-0.25614,-0.15672,1
0.34952,2.7504,1.7062,1.9411,2
-0.76709,3.6312,-0.052904,1.4444,2
0.58205,-0.83493,-0.15105,0.648,1
1.5008,0.17461,-0.69037,0.57841,1
1.6185,3.9704,0.46043,0.70509,2
-0.08722,-1.0835,-0.1431,0.84626,1
-0.22151,0.2618,2.2325,-1.0747,1
2.2752,1.9086,0.54052,3.7873,2
-0.95535,0.85937,1.379,-2.2434,1
0.14733,-0.50469,1.1595,-0.20005,1
-0.061795,-0.4121,0.8892,-0.80661,1
-2.056,0.13524,-2.2784,-2.1026,1
-1.9023,0.13737,0.9912,-1.4147,1
0.8711,-1.9323,0.33332,-0.10908,1
0.75129,3.188,0.42744,0.20335,2
-0.24263,1.0565,1.1585,-0.051985,1
1.8993,3.9891,-0.81165,2.0353,2
2.7799,1.7655,-0.32887,0.32337,2
0.48998,-1.2107,0.74715,-0.20892,1
-1.5946,0.22074,-0.085611,-0.32645,1
0.92553,1.4273,-1.2811,0.77937,2
-0.019664,0.90325,0.31698,-0.26726,1
2.1654,2.1398,2.758,0.81525,2
0.16568,-3.0449,0.60848,-0.63279,1
1.3504,3.4532,-0.12418,0.90894,2
-1.3908,-0.9376,0.21609,-0.23975,1
-0.16202,-0.45727,0.56937,-0.86282,1
1.8122,0.75081,-0.17615,1.6263,2
2.0714,2.4005,-0.9467,2.0482,2
1.4912,-0.2109,0.057291,2.9899,1
0.93924,2.9965,-0.29632,3.2879,2
2.0626,2.8449,-1.5024,0.59576,2
0.42449,-0.85925,1.2132,-0.38997,1
2.6281,2.7611,1.0623,1.9809,2
-0.48032,2.338,-2.1568,2.8167,2
1.4335,3.746,1.0221,1.6746,2
-0.089921,0.30842,-1.673,-0.7236,1
-0.29439,-0.27992,-1.9693,-0.61214,1
0.09216,-1.4139,1.5528,-0.91385,1
-0.36348,-1.7627,-0.88072,0.89547,1
-0.18213,2.2204,-0.86782,0.79012,1
1.0964,0.26965,-0.68585,0.011985,1
1.0629,3.2626,1.7701,-0.34152,2
1.2639,-2.6449,-1.4818,1.8208,1
-0.021467,0.1294,-0.83382,-0.7172,1
-0.23204,0.71704,0.78395,1.3389,1
-1.727,0.37992,-0.25481,1.1001,1
-0.26421,2.228,-0.48465,-0.92051,1
0.15236,-0.36043,0.66982,2.1993,1
0.65369,-0.40206,-0.7136,1.1442,1
1.1028,1.5765,0.086369,1.7562,2
3.1857,1.3058,-1.4744,0.034936,2
-0.46208,2.2624,2.4632,1.4139,2
-0.029105,-2.2086,-0.12002,1.9859,1
1.405,3.0342,1.3187,-0.10845,2
1.1685,2.337,0.56535,0.031619,2
0.54799,1.3591,-1.1326,0.74702,2
1.8779,2.7168,0.63861,0.10142,2
-1.7021,-0.93336,-0.72069,1.3049,1
1.6127,1.8386,-0.96618,0.71607,2
1.6993,2.6938,-0.12164,0.94399,2
-0.35586,-1.601,-0.67505,-0.95493,1
2.5492,1.9982,-1.2437,1.276,2
-0.79868,-1.4123,1.4487,1.1488,1
1.682,-1.9954,0.43192,-0.77548,1
2.5084,1.7209,0.64648,-0.3507,2
2.9448,3.2642,-1.9799,1.3995,2
0.80641,1.4043,-0.50982,1.6499,1
-2.129,1.2715,-2.474,-0.82273,1
2.5186,1.6876,-1.3485,1.6329,2
